-15.862848981  5.139909694
-1.936169562 -16.261018393
16.780470051 -1.481769072
-1.270111900 16.678346547
16.887507799 -4.737846449
-6.649210114 13.811979144
13.036982802 -4.721069107
12.369664451 10.965189732
-4.533954945 16.806693947
-13.777774417  7.371279215
-7.405353128 -14.824198693
13.821065126 -9.303402804
-15.341679514  8.826989031
14.256081181 -9.013269598
-16.251419247 -6.186603714
10.380997830 -13.759789606
-6.573529241 15.683809881
-14.322049087 -0.888536944
-10.468039974 -12.475641523
-5.029895969 -16.447406258
-5.538654231 -16.591611555
11.078091844  8.459212311
 2.183202498 -15.558619979
-3.880090443 -11.645748987
-16.460648311 -1.584578202
 0.339302317 16.798029070
14.722288491 -5.290275726
-12.787325836  5.840125933
16.469120071 -3.573399770
15.473226863 -8.678267191
-8.308757498 12.026388451
16.614262777  2.647761700
-4.459103918 -14.542439403
-8.182640505 13.237121640
-17.002670818 -2.108822289
 3.978664574  8.634265931
 7.514738259 -7.103064270
-8.522939614 15.097078531
14.020082552  0.247814939
 4.389876838 16.864702652
15.658222830 -7.501742825
 4.942357864 -13.832177949
-4.021632658 -10.093274065
-4.491060444 -12.098854002
 6.714634361 14.802576849
 5.363929366 -15.582236468
11.885024058  3.185157852
-10.238331822 -14.255638122
12.703563612 -12.176203100
14.456245320  9.634793281
15.212537601 -0.329579415
-11.253460851  8.201080585
-6.670344178 13.806571994
 9.075905066 11.686992219
-7.086872813 15.571775523
 9.147046864 14.459093739
 8.485299297 -13.011744870
 3.558598586 -13.959592194
 9.493094491 -14.713652008
 2.399349618 16.569934619
 3.439547968 -8.801798522
-6.186899330  9.955706203
10.097520882 -10.696930367
16.776888150  5.054256936
15.858028256 -5.722728544
14.769487215  2.110564170
-11.825163370 11.084700768
-7.492901778 -14.250240056
-17.377919652  2.223424508
 2.338640135 -17.249308581
 0.250343169 -17.103724779
-12.287756736 12.173728841
 1.404908470 17.577090441
-11.553099352 -13.359271780
-5.390078683 -16.288273496
 4.044072555 -12.794784632
 3.718564627 -16.931187947
16.445222641 -3.220242053
-16.224504526 -6.994494799
-17.620678682  1.293803108
14.342588630  8.215741973
14.463488734 -7.542486726
16.919996685  1.654318731
 8.956835982 -15.375473250
16.073437152 -7.208057445
-2.609824143 -17.139199385
14.204393995  7.786500953
-1.142181029 17.513411709
16.437513228  3.116694077
11.238992491 13.677481533
-3.694250551 -14.046667078
11.953058019 -11.250366290
-3.682377723 17.326732245
 7.428706279 16.007047965
16.888913925 -4.212680877
12.770838576  5.798038097
-4.455639553 15.625253437
-13.524768227 -5.274646020
14.030339370 10.585244509
-12.406984842 -4.054453435
14.014801934 -8.243838269
 5.312364652 -14.756045334
-12.191399064 12.288736960
-16.672573362 -1.577026149
-1.879843289 16.596668074
-14.602109223  2.705239598
-17.188742847  1.072469014
-4.102576492 16.466522269
15.511000406 -6.292980998
17.105395896 -0.181501790
-3.807313140 -16.526548506
 8.454287261 10.688568151
-12.281696478  3.145294563
14.966639096 -9.242446259
 0.519761688 15.216634558
 1.054825219 -9.314431945
15.311339556 -6.070612966
-13.882565809  6.176028369
 5.342108048 11.998366411
-4.124423569 -17.207972158
-9.426898678 15.012762117
-10.907920900 -12.181943339
-4.248129496 -15.388933000
11.647043462 12.385340382
12.187146549 -12.900322949
13.986786078  7.142989915
16.786347557 -5.288548102
-15.922807984 -4.506396009
-16.753204834 -2.889759403
 6.701395829 -16.125544851
12.872370317 -11.497822419
 6.952122933 15.557505921
-14.379454031 -9.489890242
-17.023960221 -3.843320931
13.734346368 11.151466514
-17.576411801 -1.746159883
-16.950734435 -1.748033065
-5.348815288 -13.528085153
15.052260021  9.148553428
-15.381144350 -5.821007550
11.752933476 -12.905217765
12.035855875 13.053376727
-14.816317248 -8.647019847
16.197862238 -4.777166844
15.278523817 -5.847080257
 8.801567977 -11.608184702
-9.342384268 -13.491256264
 7.368504954 14.607473367
 5.150920686 15.590276170
 2.404573448 16.902363869
15.151694324 -2.070573194
11.351793927  4.074170622
-10.200931609 -9.706397142
12.568166857 -4.017922802
 3.676772618 16.888494679
 2.488046568 -17.019815644
 0.505345436 -16.858705276
-10.884619225 12.252209048
-1.894420365 -17.012787048
-1.331031737 -11.649693077
-1.033024974 -15.360451189
-16.453903030 -5.318149391
-14.287546821 -7.666781140
10.731989666 13.108916901
-6.412422485 -16.463282702
-5.023317422 -9.692654872
-7.973007736 -14.675542291
-17.291544411  0.620037551
14.571488171 -5.791421655
 9.285855446 -14.622427608
 6.854010412 -16.054844303
10.822535635 -8.588224225
12.699127842  8.230871572
-13.002701746 -12.171451895
-17.012694464 -4.155543084
16.672025888 -4.437558878
-10.013452996 10.681070176
 1.521509689 -16.713083469
-9.462527491 -14.972937251
-10.683493168 10.975381886
-1.287143469 -16.869992407
 9.026916199 11.763787383
-15.925591487  3.362008323
 7.860682757 13.278586888
-11.933051429 12.646599203
-14.253167158 -0.890197444
-10.633085515 -12.372389932
-6.896860877 14.959007345
16.141713759 -7.575153998
-12.891790021 10.621194343
 1.686612179 17.733327849
 6.182056802 14.878140256
 8.702874913 -12.615390103
-9.662889848 -14.336900465
-6.282275725 -16.198243565
15.760125400 -8.350703606
-7.120423542  9.064301844
15.122593206 -0.927587955
-7.149319308 16.258441826
17.159657740 -4.317487414
14.296099658 -3.925033058
15.740168229 -5.039074105
14.409816916 -8.865373058
-14.142105312 -0.496378390
 4.961621100 -16.162076434
-16.608951144 -5.300112092
 5.880306020 15.765297637
-13.272252408  1.424111186
13.802154688 -10.018114876
-5.310624610 -15.930776421
 9.134250170  9.157353647
11.820484124 -11.689680552
-15.724703054 -0.977061127
11.687487084 -6.438854896
-0.402719114 17.463191729
-3.436242213 12.148408529
-9.256276557 13.671596627
11.386941572 -12.474210265
-5.916457614 -16.081798898
-14.547734087  9.911726376
13.623247093  6.327767449
 8.818978536  9.605487395
-1.561416132 -15.892176715
14.297585082  4.524907250
-15.516300440  7.113744356
 8.512666929 -14.353466592
10.171501983 -8.211614180
 9.966816594 10.261036135
 5.278590611 15.931922721
14.081801705 -10.616708288
14.397715413 -8.683063089
 9.317195036 13.749371908
-4.379422147  7.137997607
11.933574164 -12.453396824
15.184027694 -7.706250460
12.905049601  8.730417850
14.992390830  6.570555645
 3.696943348 17.326218041
17.336941212  1.234248638
-2.319806362 13.856025512
13.486838735 -0.904218813
-6.695204197 -15.716142814
 4.509649148 14.070161675
-17.537807154  1.912906288
17.737816315 -1.680797005
-12.147816379 -10.657331405
 8.775112141 14.807219271
11.292657118 -12.748505335
-8.847934481 -10.701400331
15.798547473  7.046594062
-7.721737129 15.635430180
 7.746654602 14.958552282
-13.338603070  0.046320959
-14.973750133  3.680924590
-16.128062482 -6.252547918
10.953715229 -13.188182541
14.501469363  4.562450850
 1.212442771 -16.365455871
12.267339811  8.603777256
-16.994622491 -5.436777442
15.188685694  7.270908455
 4.737353389 14.851789639
-0.056566762 17.372236670
 1.086087252 17.250833563
10.501299411 -4.791381342
11.754415696 13.209449273
-5.673685852 16.394359379
-14.346816890 -8.349095674
-15.742812580  5.616105155
-14.080876530  8.215253568
13.021793243  9.711616850
 0.331691197 -14.823850307
-12.242629898 12.483316795
17.622420866  1.487309175
13.667408382 -7.266609254
-17.011505760  4.212064867
-9.500168400 -4.621504728
15.970098048  5.569775183
 4.318924526 -15.990874625
-9.574039963 11.879288774
 8.594412277 -14.376240800
 6.223935318 13.270628985
-16.541849932 -5.773430919
10.112318013 -12.760402997
10.489987294 -0.111749208
13.713568205 -5.991711459
16.049970295  6.643203001
12.770080653 11.491618110
-11.752951518 -10.145732294
-14.182662398 10.544260151
-0.449527804 15.715045313
-5.586816943 12.921047225
 1.597668097 -10.935931754
11.752086795 11.935848775
12.223012288  2.881877540
-12.174508243 -4.776398230
-11.135863711 -6.965551460
 2.216545749 -16.456778088
13.674674300 -8.790437073
16.488852856 -2.713475527
-13.849339192  8.912922557
14.412260541  9.960543298
 7.854438888 -14.512003556
13.655238092  9.554924406
-9.172576227 -14.748723008
-7.692075153 14.101979320
 9.710591154  6.648303005
-15.006746002 -2.740544372
-6.376673100 15.499820189
 4.647639813 14.773992921
-10.329619074 -6.757101685
 9.980281771 -5.093967168
10.750926935 -10.673301219
-7.670192257 -13.186897853
-8.842658586 15.356433821
-8.933466006 14.346467483
16.838878102 -5.283101226
-15.458280277  4.322865443
-9.252502425 -12.267418611
-11.571575268 12.332887020
-2.124243209 17.307804649
16.636645336 -6.088746337
-13.957710199  4.371903331
11.355884453 13.728601973
-0.294091952 -17.513208385
 9.475097500 -12.586343833
-6.601349873 -16.039727411
15.511764631 -0.912883375
14.432421832 -9.251669306
16.684944776 -3.892161227
-15.086870079 -7.235103071
10.770726192  8.727602207
-7.468954810 -14.663245570
-0.448113398 -17.649250993
13.815215002  8.449054700
17.760747941  0.675855495
16.411027783 -3.692241694
17.123920431  4.559784179
-15.566260113  5.901392010
 8.910854618 -13.704083702
12.955458548 -9.190108465
 5.589627257 -14.739857039
14.974383402 -9.297373327
 3.886167411 -16.916167025
13.585506054 -10.657781922
17.229686462  0.326379131
 2.519941021 14.165117383
 6.004370304 -16.288622003
-12.328736196 -10.484764050
15.488916735 -5.765081879
15.853129576 -3.359705498
-15.109739859 -1.396580146
 2.896414507 17.614502916
 3.325291819 -16.509310096
 1.305479918 -17.547776907
 3.809549410 14.266928357
-3.653751378 16.914635865
-17.307018683  1.509051385
14.887314873 -2.517099103
-13.956701617  9.767223084
10.509828662 -3.337719231
-6.864919443 12.701059037
-8.614068529 -14.834521933
12.336129142 -9.705428328
14.781954596  1.938914908
 3.207715544 15.801190910
15.405023758  7.153462638
14.120001498 -3.549260967
15.011408888 -5.371747481
-13.710568876 -8.430859613
16.606926623 -6.158264508
11.473312786 -12.801617430
 5.478994052 -15.991742963
-10.397323699 13.967340232
-0.900065336 15.093845403
-8.244925876  2.692732220
11.734148011  4.470950236
-16.999553160 -1.524313268
11.464786037  7.916042211
-7.182961456 16.259772138
-16.099942617  2.333448798
-2.410737621 -13.515915768
16.935554048  2.362635815
-14.697320681  6.592002590
 3.689629305 15.740205448
-1.949067131 -14.035382686
15.514984920 -5.079724674
-8.307166991 -15.618175500
-13.750202310  2.728786044
10.486935828 -13.394792252
-15.430426756 -4.911678436
-0.516306630 15.386499288
-12.721481982  9.891785685
 3.952732039 -17.102268322
 0.130687584 -17.324763587
-12.960288041  5.828655317
-10.955415145 -11.811607168
-15.325354959  5.976636099
 5.185449997 16.614997853
-4.498015688 -17.191604802
17.024838635 -4.935538584
-14.484105361 -8.090428394
-9.453799512 12.820917539
15.063087024  6.189349623
 6.119544420 -13.155362382
10.377037624 -10.390182424
-11.967165784 13.102755689
11.880965628 -12.310215605
-14.861265196 -7.418759754
-4.840919667 -14.847377543
-16.975895214 -5.456110093
15.680561092  6.986525817
-11.935364203 -11.482813271
15.627042340  2.185178760
-11.907743352 -10.775207186
-2.211214193 17.575959542
12.121723191 -12.113226884
-6.396812087 12.875350053
-16.054129990 -4.843668471
-16.673726891  5.516199207
 3.621930612 -14.562328148
-10.532695681  8.844329744
-13.424615544 -9.959378054
-15.851009206 -6.896564995
-1.671509639 -16.889236620
-14.547479020  6.502700595
-16.053107580 -6.723735360
 1.494434701 -16.684431843
-17.319883798  0.050965245
-3.945583946 -16.204690870
16.374867074 -0.163615425
 3.973227589 -15.279925240
 7.183338312 13.619566211
-1.596396074 15.295120084
 8.332664362 14.319563830
-12.049293034 -12.984812553
-14.157645211 -9.675329210
-16.737502090 -1.567766519
 3.591056071 -14.675873769
-6.730940122 15.101453309
-16.990809948  1.554040200
-17.024443777 -1.864651072
-6.841200143 14.683406900
15.535103659  6.175867435
-0.660652263 -17.608675144
-6.565152726 13.506757807
 1.435787067 -17.256184182
-0.226081889  9.898322946
-3.995311276 -17.392307053
13.949151251 10.811245080
-7.122930942 -16.006565110
10.741480907 12.425210825
-7.601846989 -13.891549345
14.008980294  3.559493059
12.698843605 12.445141026
 6.486766264 15.223020458
 7.465683979 15.202095465
-12.556568859 12.271078525
 5.970128755 -14.968191726
-3.009174890 16.285972777
 6.232418144 -16.557743498
-14.426902684  7.160261153
 7.260059898 15.111709957
-15.816517116 -7.974167226
-15.894970487 -7.561399363
-15.770041716 -1.184362570
-2.373591557 -16.421510414
14.331190406  1.468527421
16.942245724 -4.554395872
14.285786256  8.146550448
16.343572229  0.946417247
-12.901335534 -6.501187473
-5.789085904 -15.537385863
12.350793597 -11.656113052
 2.881183963 -17.186871046
-2.040343119 15.461532073
 5.795410812 -13.643335171
-16.843334936  1.425011475
16.931097583  0.305964804
-15.147336448  5.164476833
-13.312594241 -11.454170471
-4.472404669 10.869532926
-13.729554231  8.924758964
-7.449227462 -11.167704177
-9.280831032 -8.950742901
-1.343223134 16.842029392
 2.571638866 14.361738796
 9.853076876 13.859673658
-0.383183451 15.157250297
 7.436863532 12.249941859
-12.146425678 10.914576895
 1.853090685 -13.224482973
-3.903353105 -16.483708634
-10.501290706 -2.388916503
-15.028131169 -8.405457036
-10.345677996 14.133484267
15.654971383 -3.380208281
-9.812947233 11.556235560
 8.928807681 13.430122688
-12.849990274 10.470561405
15.865466666 -1.184112603
-13.739588351  0.635341674
11.186008104 -11.423836851
14.732601604  2.942846699
-7.266692857 -15.779969096
13.416340333 -7.136557153
 7.477005202 14.372430346
-5.790989762 -15.142631224
-12.656479635 -10.634328648
14.894583425  6.451448302
-15.636579659 -2.350238803
-11.376035699 12.081375032
-16.795343570 -2.863511710
17.692965091  2.181930004
-5.832663252 -15.374728017
 0.067640357 -16.001088773
-11.016532372 -12.847831329
16.165185499  2.209768371
-11.591484284  8.967772246
-14.699806363  5.566497377
 8.855753422 -14.956372927
15.435267072 -6.408975107
16.913609347 -3.099307341
-8.920412477 -12.166673801
-9.184564814 -10.532613115
15.185890751  3.144670676
13.119431723 -9.696145300
 9.629251329 -11.878130599
 3.010934310 -13.359929504
-10.053293502 10.891335739
12.481912980 12.705484624
-0.922375573 -16.612503759
-17.602125360  2.439554918
 9.069266517 11.033361537
-2.168606918 -17.035986342
 7.323271224 15.907784159
 8.266565387 14.144506267
-9.525729078 -10.766298992
-14.653858734 -2.084922940
 1.231099266 -16.029547049
-12.905740838 -11.598154454
-14.607813439 -6.797638004
-8.554667208 11.329790808
-6.066850374 -12.962551776
-16.934852268 -3.498003511
 1.751956109 17.288058683
13.807329104  3.224768126
11.144293724 -12.100268164
-10.845399726  9.063598719
-9.311996362 10.426828643
 0.466969589 -17.495648999
-9.501571605 -14.820315068
10.953404499  7.380153810
 8.012219609 -14.338512270
12.844437771  5.811471023
-16.020439822  1.974652911
-4.508467153 16.756349309
-9.251812484 -13.180471841
-8.424320147 14.656376704
-6.140610131 -16.056089490
11.253162221 13.427724289
-2.212986864 15.843301411
12.419367448 -11.689353848
15.779813039 -6.066539460
17.552095549 -1.875282864
-7.605007579 -15.159368346
-4.224691429 16.358469345
15.752457684  1.350201836
-2.462405538 -10.467760074
-13.918975417 -10.581139795
-8.933807360 -13.570052603
13.181577961 -8.656902402
14.923987547 -9.768763739
-15.874648325 -5.456588093
-15.050727122  5.761328027
-9.715210609 -13.366838532
 5.646649963 -13.989246416
-7.926263396 -14.108506077
-10.853278084  8.240077249
 5.600554746 -11.391467051
 1.671070868 16.562574908
12.647286298 -9.213844581
15.301559072  0.531132146
-7.559088323 -13.608995973
14.610883205  2.290191754
10.110008403 12.410664109
-8.778009873 14.456289894
14.844024582 -3.624182494
-15.205750900 -8.687473093
-6.855523526 14.399980278
-5.810881596 -15.531335740
15.120792964 -5.405781070
 6.427209511 -16.615866920
-11.321836332 11.272010230
-7.603749296 12.809542733
 7.502783811 -13.040248332
-12.822783564 11.934898312
17.358011233 -2.227538677
 9.925595528  3.988860920
11.928392924 10.637941308
 7.853888845 12.708414466
12.044577589 10.840406002
 4.143867722  9.599070918
13.331234358  0.851599638
 3.527415596 15.310492975
16.290223610  1.561351759
-17.007727572  3.611087553
-6.473996828 13.295878384
 7.076125843 -15.606295386
13.946790136  8.570340408
-11.831075116 -12.630850636
 0.474031550 -17.322275622
-5.038832796 14.558575081
 7.421894129 13.077925639
-17.560055275 -1.507121818
16.497651475  6.722013192
17.022241887 -4.996382441
-11.551265104  7.855620561
 3.110446299 -15.183603630
-16.336933522 -7.073809534
16.561832691 -2.453590740
-14.657677224  1.505341040
-14.801842201  7.855092152
16.189834316  6.551194789
 8.454186546 12.000970035
-2.372773101 16.538166549
-13.537271641 -10.661693805
16.372475030  4.397701704
15.943826035 -5.032710477
-5.850142494 -16.463961581
10.755960737  9.919249524
-13.490172302 11.038658100
-12.305008203  8.134438030
11.690424221 -10.877574048
 8.299648908 -14.850544398
15.438666535  0.395711982
15.573189335  6.689061785
11.898285026 -1.192800252
-5.394178755 15.848232712
16.379895607 -3.016802168
-5.076198880 -16.596455846
14.591166836  7.975645980
 6.600930162 11.405589451
 7.400860724 14.932162959
-15.689123058  5.927159020
 1.175633155 14.823888811
-11.146378895 12.442742098
-16.917461457  0.963191959
16.446877546  0.405955658
11.291487561 11.886606306
-4.206242537 15.333665320
15.361460088 -5.135784553
16.526707881  2.549183902
-6.202141575 -11.533263022
-12.098297350 -12.991858487
-3.271192698 -16.462220552
-13.911020431 -10.857919873
-10.929742884 -13.455429313
13.273641162 -3.678963883
 3.249544403 -16.436945714
-2.730906467 -17.093981761
-14.846212654  9.569600205
-16.291662218 -0.750737192
14.951327499  9.323102586
16.782024679  4.547761709
 6.109039447 -14.506889182
-2.034637159 -17.106598389
14.007089092 -8.157892081
 4.347214748 -13.731123427
-15.159953362  6.195092550
 7.253983622 -10.945800469
-10.621659486 -9.835723470
-6.548149889 -11.739451322
 2.990615165 -16.290816852
15.475604616  5.771711751
-16.478248964  5.100756193
-1.978162598 -17.339249097
15.497117409 -2.090604583
15.679959409  2.637449161
-6.111189396 -16.330132933
-12.179526502  7.772321846
-16.389958884 -1.369358495
-1.948757446 17.601296909
-16.848134154  5.787022947
-6.114009980 14.551771843
-5.616744415 -16.923020527
 6.312868506 12.250777939
 8.966847319 -13.407687602
14.320631435  9.665737755
10.793869249  9.574934737
-15.383465149 -0.326177371
-16.189061981  1.837491531
-14.046211065 10.270971617
15.311126021 -6.100676936
 4.847888253 15.253147133
12.231800140 10.082184281
 4.571952852 -14.105496375
-7.891292737 10.037633469
-13.426561536 -11.405089580
 4.231917452 -15.836013496
-14.355863043 -10.082292509
12.902654421 -9.694184546
 8.250675426 -14.294878441
-15.888700788  5.806737001
-7.900825651 12.703107244
 0.895987944 -16.905280431
-16.666146583 -4.604182925
-16.278496470 -0.602175513
 0.612751931 15.984586526
 9.789244263 11.472039651
 0.128812543 -16.125618388
-7.315747008 -9.348707472
 9.923323275 13.942027379
-14.792391511  5.211749592
-6.953980639 15.827162570
-16.131378708  7.560286263
 6.310131082 -15.954744239
 2.065544327 -17.388873885
16.873671576  3.933572567
-9.192215008 -15.166312291
-4.031036055 -16.114499387
-2.913083187 -13.766820512
 8.696312853 12.256977491
-15.626005492 -5.380290373
-1.898355152 -14.506494848
 6.483506744 -16.098893035
 5.577053505 -15.005999842
 3.263116587 17.511956698
-11.840716163 -12.791207826
-14.978847608 -6.851418044
-12.286601043 -12.321741068
-7.820343081 -13.444913659
-11.312942540 -13.038710961
 7.960726664  7.197701369
 1.792534799 -14.958492454
-3.106765434 -16.663660837
 4.048690240 17.053188537
14.838145174  4.717975590
-16.023175844  6.187509888
 8.217589464 -14.977869357
 4.820033826 16.392986291
-13.315077499  4.943061359
15.216461589  8.564926965
-10.121984760  9.486740030
 0.039144344 16.042014796
12.783468856 -12.062446376
-7.915652306 -12.971663390
-5.742604616 -16.345588801
12.127787371 10.463423998
-9.083316717 -14.776785856
-17.128451980 -3.385143906
 3.910562518 -15.794315534
-16.729769256  5.377860102
-2.332088175 -16.800446221
-12.320820237  3.285366029
 7.494453706 15.889777647
-15.961241323 -5.742912445
13.549312215  9.823526429
13.014843362 -10.340404514
-3.748838636 -16.954482090
-6.118937472 -13.529187718
-11.851537595 -6.204119510
-15.802165335 -0.737618458
-3.584399764 14.417099765
-15.761563370 -1.768930588
-12.584288144 12.127518154
 2.600013919 14.700871227
-17.064686741  3.427735057
-9.892771827 -14.689009353
-8.665748668 -14.232497203
 6.786861447 -16.127138830
-14.891922856 -2.780856829
 8.823849757 -10.996238054
-11.730100674 -2.023724808
-4.591771359 16.313746446
-17.521157265  0.084685884
-13.367927160 -11.092698604
10.304272599  9.998242517
-11.497809850 -12.647392725
 5.227273592 -13.195369701
-11.804327971 -13.353429513
-2.825003847 -16.697946117
11.580757884 -8.804029979
-10.766144697 -12.234012240
-14.588425964  7.144960633
12.626441196 -10.299226606
16.923179270  1.199590395
-12.660288179 -8.361434820
-17.623639254 -2.417776252
-8.300580409 -12.995509433
-8.568254776 12.690658485
-12.738168374 12.090076065
-17.635252064  0.964422996
-11.419364050 11.953331056
17.478333912 -2.249188723
15.694667185 -0.394046955
 4.128231891 -17.180169790
-13.491810355 -5.434322324
 1.271291030 -16.195299200
-6.402194568 -15.122210746
-12.440383177 -12.174159562
-12.829674552 -1.086434572
11.005630351 -11.765540277
 5.377168468 16.080734323
-13.645637212 11.383246804
13.383355156  8.944968042
-9.517960491 -14.330414932
 4.707551046 -10.569266188
-1.823881308 -17.418502328
-17.230601425 -0.912650449
14.221988456 -10.761717012
 9.789338520 13.450418436
-14.605979916 -8.638027535
-2.090572863 17.606762880
-14.320516184  2.759611369
 3.208050819 14.266592121
-3.451291816 16.954154761
-1.360842336 -17.382012202
-5.022864727 -14.155134317
 1.447023162 -17.388599089
 2.651569137 11.451121403
-16.193038265  2.294258123
11.519114948 13.422456663
15.344116451  4.554660375
-5.540502240 16.316968084
-7.525707311 15.826480031
-16.333800685  3.065624279
16.212940783 -1.334941022
-6.374093581 14.124496983
10.705122652 13.203518461
 6.088813914 -16.472775468
10.761954585 -13.344030399
-16.072111996  6.574686888
13.882179990 -1.077897995
-11.716781523 -7.538374757
17.355666120  1.627426714
-2.608887352 -14.454080590
 2.224830483 14.052381803
-13.952107784 -6.378580000
-16.852093670  3.864369802
-4.223714330 -15.499196782
-8.175818777 -13.085346651
-15.615380930 -0.022387046
 8.465400573 -14.185154819
 2.691153190 -16.922571852
-14.429820624 -4.145837114
-13.778714095 -9.224999074
14.186328646 -9.003243040
-6.954740472 15.561188077
-11.239272055 11.890955103
-16.205412571 -2.312098167
 2.458781778 17.028475869
 1.696889299 12.543981776
-17.017923924  4.932729276
 9.094803636 13.630072750
 0.389852800  8.057143890
 9.011197897 -13.265667591
-11.455072175 10.224796472
 9.718880912 -13.875942857
-16.231543761 -6.364865288
 3.115907563 15.494002487
-14.823697466  3.983883621
-9.309857787 -14.044641347
15.231382187 -8.833899211
-13.739876288 -9.216307012
16.438747462 -5.347388035
-10.891096839 11.722319330
12.733149672 -10.317652686
 0.263859227 -15.084583893
10.698431240 -13.903490412
 0.777015001 17.599681577
-13.254702405  5.267856049
-8.461758600 14.770469266
16.176959290 -3.088251627
11.274818520 11.986163540
-15.960257938 -6.109835626
16.395797966  4.450787528
15.417946840 -4.403165310
-9.951512315 11.565093666
-10.120306444 13.013732150
15.421549087 -2.715892320
 8.010624944 11.945177520
-11.933160389 -12.907131275
17.812594952 -0.573814829
-16.563344687 -4.068328222
-2.383611223 -16.699838703
 7.985873212 -14.995327821
-14.245844224 10.423036082
 0.184453083 -17.515111313
13.364313988 -5.984841508
-9.501883844 14.488586878
17.415407678  0.895792806
14.667370533 -4.538547988
 7.886409125 -15.338444857
12.610117311 -11.830316015
-11.103190402  9.606769571
-1.131613185 15.967056727
-11.293053437 10.112813626
11.797228518 -3.234826458
-4.932982839 15.445141026
-11.532784337 -12.929459719
-14.837860819 -6.455666761
12.616518234 -12.593604419
11.693703280 -11.912788523
16.464165982 -1.658416602
 9.704151771 -14.862316325
 0.262395919 -15.527577438
14.841270985  8.762875948
16.326189968  2.449665161
-8.357216728 -13.816191893
16.663191409 -1.427562837
15.082742839 -0.373389838
-9.058799582 13.660504594
-10.442762721 12.986870883
13.340425615 11.001492022
16.338162791  7.159348841
-8.809669947 -6.655826669
-9.122700837 -14.044362568
13.998449642 -8.439757051
14.426999187  5.755135681
 1.888236886 -16.016315835
-2.104627417  9.627261284
11.663186189 -9.914402860
-16.005762867 -3.155904494
15.296077556  9.111295243
15.985483887  6.162217863
-4.978079256 -15.551894808
-14.222315830 -8.705847444
 0.988527861 -16.753447448
-4.692199383 -15.842327815
-16.658737504 -5.321299672
16.506258133  4.947576420
-14.695700484 -10.100632908
11.334668393 13.186346305
15.588954826 -5.840445325
-14.593227977 -6.466068312
12.352769251 -12.463072060
-0.077462663 -13.739851522
-11.443082403 10.976911286
10.958148231 13.533536003
14.619451800 -6.323562210
-17.018493414  2.026172269
-13.393304636 -9.220393074
15.793665243  2.754636044
 9.120685925  2.689985937
 3.557145538 -16.228257555
12.027992237 -12.679752531
-15.215193430 -6.549340914
16.128978042  4.664925699
-3.698853814  6.132817464
-9.450063298 -12.233975754
-6.452910445 -12.008089343
-16.238060933 -7.399079004
-11.877689039 -13.298232894
-12.800364857 11.315623606
13.866013058  1.287644814
-10.550350816 -9.969327855
-10.469363996 -3.277761108
13.004997218 -12.189152532
14.673058579 -8.954772509
12.730056879 -9.079970758
12.934883097 -7.005841520
11.880794274 -11.592633960
-15.720676599  3.843373724
-8.515489954 -13.990422836
 0.138618367 16.334529090
11.805841231 -11.945267278
 9.691915031 -2.866250170
-17.086504710 -4.222738929
14.999376695  6.205439173
10.512334167 -10.873539141
-4.427248559 15.156554106
 0.296159044 -16.893782682
 8.734232513 -13.219018419
-15.763624800  3.233050001
17.326589685 -2.210053230
 9.750826813 -10.604716160
12.130809421 -11.807564792
-11.832748099  8.562259385
-5.557464443 -12.503135495
11.329538928 -12.323269906
-14.051700333  8.019976144
16.419189042  1.647472494
-13.500980901 -8.604590083
 0.966722066 10.445000173
-15.729747422 -0.465852882
11.017949358  8.340164369
13.565611310 -10.194424811
 1.986250701 17.057874887
 6.554338259 15.052372025
-13.586794014  1.846403519
-4.274285737 -14.303751328
12.257133487  8.140235284
-14.709843888  4.620359184
 1.119229467 -17.316629858
17.500002578  1.618479908
11.424377499 13.179123298
13.590621877 -9.749576120
-0.047043339 16.343470374
-11.833662421 -12.012975808
-15.758358417 -4.370918081
10.392984324 -10.937320788
 5.410866559 14.540652770
13.983212774 -1.983328832
-7.016624305 -7.387788186
14.456225110 -1.473702897
-15.606711689  5.552703276
 9.373760128 -10.269936314
 7.542971661 -14.035329878
-2.397953712 16.568590766
 4.889553559 -15.974411988
-6.823825311 -14.008018554
 5.867063619 15.038698542
 1.560587797 -17.765645062
15.881335141 -4.319012504
-12.554462761 11.568902753
-0.529346815 14.797456940
14.340814818 -10.125718796
-9.011610517 -9.752225216
 2.493509353 15.574808482
-13.783614668 10.078274090
-7.237788562 -13.304019355
-16.986704966 -4.707742589
14.533593522 -1.914075228
-14.621665127 -9.794658580
-13.263395291  4.100655606
14.138878178 -3.847657019
16.091721708  3.797111632
-15.892138969 -7.054167775
17.029056443 -0.656205445
12.616338858 -7.191928662
 4.162017262 -15.305530070
 4.041730123 -15.880635019
-0.413984939 17.128180060
-14.403196935 -10.027811972
-14.326347411 -7.518350722
 2.622333201 14.189489154
 8.202731833 12.563866396
-6.243843788 15.652645331
12.534570733 -12.654365045
 5.732855017 -15.545155058
11.646885796 -12.293929261
 4.421650543 15.867535658
-7.700199456 -13.672271223
-6.402282805 15.127178018
11.887568509 -2.561021324
 2.390247260 13.587441323
-17.658161010  0.569488739
10.593809895 -12.403281524
10.403543102 14.256503541
 7.240279120 15.728526702
-16.526505467 -0.791018125
13.296415440 11.468078584
-3.112160846 14.827157523
10.910693068 13.499576749
-7.026497130 -14.568933120
11.141254936  2.081862028
-3.457611050 -17.378883133
13.543058988  4.217902147
-13.286609525 -5.091061272
 6.345853525  3.893522417
 9.548463452 -5.557945067
-6.048761775 -14.333579463
-14.956554563 -6.351102173
-13.322782983 -6.765408553
 6.058373196 -15.291188480
-15.541403558  5.696399530
-15.974455343  1.943988956
16.337844801  5.895381787
-14.458135392  1.044177015
-0.891180367 -16.992877865
-5.304275039 13.443027037
-14.993836791  6.543103187
-8.308973475 -8.715911820
 4.859143960 -15.885437359
15.117984245 -3.503279006
-14.848289442  7.827200409
-0.847908428 -16.287221672
 8.866555265 14.001872183
 7.694204829 -13.531427698
16.091987253 -3.198448864
 4.358897111 15.336985583
-1.097535878 -17.356717942
 3.505575318 16.769910339
-10.465560845 11.841314136
13.856598339 -8.673273816
15.735827270 -8.044328062
-15.208800694  4.492611824
-12.627869050 11.648296235
 5.529277757 16.517182910
 5.875362539 -16.191286635
-8.293357019 15.238043123
-14.847082462  2.773823235
 5.335076625 -16.383691322
-14.399411959  0.175325422
-14.027357807 -0.549097635
 4.301881352 -15.960753623
12.493996996 -0.561725590
-14.365074958 -8.311054726
-5.898183939 -16.640607620
-15.156450870  2.147877453
11.442597515 -12.783680762
-10.731370793 -12.878206637
-16.573349901 -1.540961034
11.049904941 13.467140643
 1.282212870 16.587838255
-17.210405865 -2.921004594
-12.932025651 -9.665570483
-12.019403239  9.526844212
-1.523160913 17.425457745
15.387709154  8.798090717
 6.882702300 16.023700820
-16.711824231  3.501004331
16.636547129  5.445370652
-2.897557923 16.791031195
12.599420143 10.469958391
-17.386652429  1.248238012
-13.079064203 -4.092313988
-15.404826317  1.418197222
-4.082842575 -13.966776050
 8.652193362 14.745283879
17.086999779 -4.122510179
-16.940435665 -5.308801168
16.926890983 -4.296334979
-4.939615436 15.218652529
 3.724072264 -14.721795623
 5.091388895 14.170468995
 0.863629304 -14.796419273
 3.304890028 14.049324862
 3.166136809 16.809507164
10.794040833 10.437920445
-16.726970370  1.075650425
-8.872677724 -12.603967487
-5.016522965 -16.611470183
-5.548013707 11.922753246
-15.478227671 -5.952922422
14.106586751  3.481215587
-6.513752241 -16.498276294
13.848642907  9.992763109
 4.379706374 -16.105692108
-14.222325193 -9.188015473
17.823997679  0.758335036
-9.698375827  8.644691823
12.468628134 11.071917008
-13.407418576 -4.022714327
-15.188235728  4.732721285
-8.489371374 -15.221705971
12.285526224 10.343787888
-12.084973087 -10.536574366
 9.069785987 12.355664333
-11.722115754 -10.310249965
17.176271449 -2.896392789
 7.203591538 16.137957095
-11.339557838 -12.588332586
15.372803473 -3.529836168
-13.904040934 -6.676626266
15.263401582  8.543939749
15.017406404  6.608567531
 0.562418554 -17.004100863
-1.207880092 -16.678893799
-13.857613504 -1.393766150
12.672653960 -11.208623449
15.383134714  7.857593910
13.413686361 -8.740676423
-5.691728219 -16.032864085
17.060649688  1.307581225
 3.406593706 14.529160465
-10.889400646 11.984597076
 0.830069998 16.107331596
-16.243352372  0.527576211
-11.078073247 12.290778038
15.814085035 -1.413430106
-14.189800399  9.865861211
-16.934961053 -2.173388657
11.249763886 13.052990757
-13.799651982  5.060867225
 3.799365189 -16.666691136
 6.954193256 14.139867391
14.711126075  8.847793180
-15.944865018 -6.896345829
-10.266008110  9.736540896
16.024867801 -1.219724592
-1.023190556 13.218818586
-15.315592419  2.774107581
-7.909866365 -14.635144387
-11.357198720 -13.040788979
-0.556932210 17.004885654
 6.673507304 -15.908196305
17.238184222 -4.052427049
 8.466358099 -13.446276563
 6.729276459 -11.576680552
-0.351632908 -17.614488635
-17.279703755  0.645117757
 9.811840929 -13.546259493
 3.032864342 -16.989352885
-14.482406108 -9.568445654
-0.943170002 -15.832882219
 7.440815240 -14.776079429
14.360063056  7.057687295
-6.654123953 -15.394041289
 1.118308652 14.693520497
-13.562524651 -11.474335730
13.038634044 -11.678128538
-9.730136266 11.412162300
-7.495167086 16.094761731
-0.219440012 -8.110754317
-9.906312079  7.429276521
12.582693085  9.649622232
-10.443203793 -12.580371040
-8.697211137 -13.955538514
-13.168371377 11.883922841
-15.990930667  2.164716803
13.105802159  9.688699002
11.221871805 -13.255733510
-1.612491645 -13.737592168
15.841572643 -5.176915737
10.727369478 13.494144345
-0.496027860 -16.502177610
11.959779221 -2.436526216
17.302180613 -0.279223068
-13.910286979 -7.083786829
-1.763461144 16.851368059
-10.040554055 -2.942190855
-8.754151245 -14.826391278
-2.439738721 14.137081368
-3.723933069 -13.903221038
 0.187944838 -16.839906433
13.852067704 -10.533897832
10.054259919 -1.226027100
13.509397894  0.789514119
 8.606887868  8.584909934
10.942597748 11.018129856
-15.891126862  0.882878931
 2.832117751 -17.187840202
17.407831212  0.959401807
 2.827813737 -16.596587859
-6.831918480 13.871599438
-13.593439424  5.238837208
10.155341521 -3.705424638
15.428656771 -8.078774684
-15.685675775  0.374808990
11.630654447 10.139821320
-15.843208767  5.809148341
-5.038713973 11.648435504
 6.404288357 -16.583789728
16.151382459  6.184011048
 8.258387105  9.578490662
-1.375538521 11.418295747
-14.367630576 -5.074067706
-10.366180785 -9.119512403
-9.052421371 13.143530226
-5.609052792 -10.574900796
 6.718602814 -16.204445593
-7.125779613 15.840016976
-1.627578532 -16.808373120
15.035481656  9.206141644
-12.628011753  6.516029529
 7.610570613 -13.833454563
-4.903603399 -17.094959162
11.524619491 -13.157342769
-17.281807482  2.657672325
 3.414878797 16.179411438
 6.198286718  7.817906116
-2.721692623 13.114646746
14.043517443 -3.002092085
-1.768551699 -15.816355458
 6.179102200 -13.598765741
-3.386571336 13.618154326
 7.935244479  8.937490923
 8.672817987 13.625048170
 9.398575953  2.261611332
-14.805323014  8.234453768
 7.037294705 -13.452288145
 1.252810943 17.690602146
15.755166650 -6.498897282
14.268611543  9.282704233
-12.311912985 -10.787117549
 6.831430649 -14.717304996
-12.882235965 10.050475226
-13.711213612 -1.737685197
-13.556270769 -11.308561600
14.520142101 -10.134207805
-13.982683929 -9.787225536
 4.442051355 -16.020093409
 7.652199354 15.924800926
-16.140351561  2.060468193
12.651911521 -9.261125181
-10.848922272 -11.791072328
-6.464125645  9.525676351
-1.798253947 -16.503841137
-15.917863862 -7.145645275
 8.444758899 -15.034382076
12.731860590  6.510856200
-11.330319855 -13.151774920
-10.649871751 11.660167421
 6.128245180 -11.270008283
13.872045130 -1.047748790
15.684666920 -7.196496869
 1.032433506 -15.564714090
-17.204082376  1.844353489
-12.279427918  4.116687122
15.296649077 -4.787797995
 7.894053118 -14.004271419
-8.509860457 -14.564273149
-7.338815984 13.721268340
10.338055870 13.054734542
 7.119060574 -14.583920463
-15.178829110 -2.538170472
 9.637933706 -12.354004555
 0.674872457 17.554893128
 4.355923722 -13.799291223
-7.450013803 -16.153165688
-10.572430855 11.642441230
10.515369768 10.507424003
-16.519133635 -5.970982488
14.427404360 -9.925530931
 5.312926932 -15.691256294
-9.723570505 -13.801982140
 6.273293340 -16.089708498
-16.550983950 -0.338886514
14.745770986 -6.117793819
 7.726835849 15.503101898
-6.879212009 13.950472929
-0.501592121 13.651049425
14.634463486  4.963603498
15.248557928  2.424337887
-12.875663532  7.146530070
16.585476973 -6.337854642
-12.042856335 -3.482560214
-16.247992287  3.676528731
-17.713810321 -1.501939198
13.588662074  4.607033139
-11.595679510  8.580605708
-14.956258685  6.020201042
14.069878211 -4.368734287
12.545559475 11.310144827
16.522216689  1.916611531
11.110827636 -12.683976554
-2.573734557 17.447214160
-7.592465457 14.171932862
 7.108672704 -15.512067463
13.931612581  9.593791435
-2.711827899 13.383455432
-17.440291808 -3.736724296
 5.565252218 12.348621850
-4.060767331 12.020357261
-13.844533201  7.874077214
12.127583928 -10.277822724
16.689640218 -2.968929489
-14.488452215 -8.948600591
 6.785132567 14.068760545
 7.912590135  9.691995438
-16.804020016  0.432162192
15.466770701 -0.044468146
15.248819727 -7.169510678
-8.003808166 14.740754307
-13.077912485 -11.779779602
10.844091862  7.742542636
-2.584015525 -14.135934965
14.339892674 -10.601795423
 5.077516545 -15.250386488
-15.904481874  5.727849814
-17.595958662 -0.649363339
-7.140551948 16.056350723
 5.895769722 15.136459744
-17.386031442  2.087155791
-14.568124270 -6.826152781
-16.626460666 -4.825308039
 0.975024000 15.426008146
-5.061863180 10.912924667
 1.144706238 -16.779907257
 5.007525147 -16.657944270
-14.239009033 -8.097024201
-12.406434634 12.346770269
-12.298739191 -6.507064394
 0.958022574 16.893982379
-12.273534743 -12.284355451
15.294142822 -5.646354406
14.380103284  9.443778997
11.481226275 13.247418707
15.947413072  3.327098044
-3.883680099 -14.634947043
 7.818505455 15.046194236
-0.871712117 -17.131270995
 3.149269603 16.812666639
12.737241704 -9.258544409
12.039511105 -9.456159973
12.922130077 -8.030553685
-9.006608570 -12.354647654
-12.606833337 12.104801712
-13.620054400 -1.873486381
 8.837487312  9.726670738
-14.797159994 -6.615892518
11.484780927 12.649137922
-0.409269727 17.394240631
-2.082340646 16.769059186
14.978374776  4.182091737
17.267650943 -1.623069061
16.128211144 -6.243115843
12.388370885 12.623888807
-12.393989731 -6.590538697
10.433444954  2.964687969
-4.398207454 -16.735133929
 2.181552007 -17.269920301
 4.599080508 -17.157621913
-5.848941602 11.992422797
15.000458494 -9.322677290
17.423392646  2.979496199
-15.206796539  8.334139329
12.060538206 -11.449494668
 9.125010428 10.876138136
-8.150091984 -15.686917396
-3.954183077 17.281412383
11.626124436 -13.082314876
-2.882807960 16.866696073
 9.415150404 -14.402845634
-2.291470780 14.968980441
-7.988906177 -10.686609814
-9.813890811 -13.198636565
10.165282720 12.139698767
-12.789082636 -8.501641014
17.007830474 -1.593068706
-8.138835857 -13.422022498
 2.860165472 -17.122625773
-9.850843845 -10.619540625
-1.964684110 -16.641968914
-8.521283939 12.494976709
 2.304071665 15.395240401
 5.475031694 15.114390796
11.900038302 -10.745624430
11.628098113 -1.480662060
-17.268838270  3.623878317
-3.673916323 17.176814931
13.512922256 -8.607033920
-4.996970766 -14.440613829
14.887704159  2.776512957
17.380738987  0.457988799
15.922477856 -1.666092346
12.763280639 -12.350829100
15.716637354  1.957352414
-4.277114568  9.754266679
-4.527819052 -17.024390359
-15.623314927 -4.660887260
 5.379671485 -15.000381603
-4.339316734 10.231630395
 7.365160489 16.201689549
-12.988612334 11.828093385
-15.340317552 -8.660629929
14.691489048 -0.477808282
11.980641838 -5.607278503
 9.810719563 -14.347133578
-8.802750153 -13.904038300
11.394457367 -9.686169558
-14.679377408  3.067217509
-14.581804301 -6.498608560
 6.145453917 -13.788698284
-12.049247744 -12.313094439
-12.304189505 -10.958028661
-8.111604965 -13.590468513
-11.249979727 -7.537236905
-1.339134191 17.146907339
14.423348197 -8.227450693
-8.841172730 14.836699253
-14.961165603 -0.863079728
10.139409958 13.023141639
-12.800718895 -10.912383839
-3.426969403 -15.655419814
-10.697921810  6.856511765
-10.046692978 -12.898231011
-4.247242269 -15.516826868
-7.295676703  9.957084959
 3.016789096 12.781109946
-12.513407412 -6.922869900
-7.386343070 16.035704989
-8.315200682 -13.578238792
17.281902701  4.408429083
14.559977497 -6.071325051
16.364712891  4.215487349
 4.263652041 12.674458087
-8.839199540 14.608381291
-13.213366149 11.011876119
-12.501833472 -1.559486155
-14.423917773 -10.262364121
 8.099782677 -8.186191314
-13.061936422  2.706801298
11.567289878 10.805833173
12.957831386 -3.661590691
-8.188945727 13.262802703
-7.193236103 14.544623441
10.677065688  2.892963609
-14.865997766 -9.750591925
 4.395387393 -15.031539392
13.911827174 10.409484936
16.474238884  5.226288110
-9.393795598 -14.041687754
-5.039357193 -16.255263984
-16.879294026 -0.896860881
13.899018582 -9.969677012
12.462824576 -11.764983468
-13.473845010  9.383070008
-13.250423349  4.926167504
17.601621651 -2.903634266
-16.532993498 -1.852653402
-13.295448189 -5.013285704
-14.530489847 -9.237726025
-9.290623993 -12.317304990
-14.512527906 -5.492037110
-16.162851277 -6.797153472
 2.661507433 15.438473741
-16.852597127 -3.623642685
 4.651881917 13.106190427
-2.873845678 -15.694661573
12.126518125 12.185492496
16.098205819  1.347666059
14.839095333  7.644248543
 3.942933921 -16.540707060
-14.906714977 -9.804315439
 4.278728504 -15.646353179
-7.724381737 15.919402660
-16.994825517  0.638952537
-15.934267280 -7.232724361
-15.682360512  2.677615144
-14.333949462  7.556308262
-16.577530378  4.397549682
15.343920226  6.430751791
-16.712828258  5.369406720
 7.139884448 -15.623192060
 1.765975706 -17.621381066
-14.594804342 -5.893815666
 8.693478257 -15.181868743
 4.323536727 -15.834346484
14.078565632 -9.896607624
-16.770905210 -3.650647869
 4.138715930 -17.253850719
15.654748963  6.883047617
-10.301294236 10.956941436
 0.471179099 -15.033831171
14.383182918  9.359018214
16.309393833  2.341320137
-11.800089513 -12.431496083
 8.029007065 -15.559960383
10.172673169 -12.177340197
-16.488514642  0.618292385
-16.235751460  6.432563841
15.450723387 -6.785703408
-13.124379918  3.575011444
 2.337767221 12.566101025
 9.382902299 12.572949807
-10.562062454 12.350857754
-13.023787198 -2.561612247
11.620046167 -13.034691380
-14.528003466 -9.716617351
 7.963713748 -13.533752369
-14.960216619 -0.689259031
-5.067963796 11.605910682
-14.409870766 -2.283209271
15.639384971 -8.067549331
-15.374578890 -3.315316855
 7.807388729 15.737002511
 7.445770255 -13.965412929
16.460641397  6.525308264
15.638230796 -7.991964016
-9.849107599 -13.574245636
-16.188050506 -6.928436674
13.250825008 11.897701133
14.437321591 -9.429479170
15.175208962 -7.165358001
-1.724729078 -6.884541351
14.557434076  9.365951573
-9.031066715 14.799312621
-12.031251155 10.526090099
-1.980776394 15.976059118
 9.404294507 -10.277618713
-16.114660449 -7.353637505
-11.999339627 -9.787377458
17.020517846  1.184211584
-4.289445279 -17.281098938
15.667226392 -8.472006985
-7.162901233 13.119207352
-10.900829587 -13.601083712
 6.267737170 -12.972613510
-4.076097357  8.966085353
 4.702568404 -16.822254516
-12.680836442 -6.966315621
-12.634186139  6.110013329
-8.799567790 -15.265208818
16.818596677 -1.482120321
-6.073058218 15.096063830
14.333638399 -9.648196650
-17.472534439 -2.137845734
-16.317990259  4.557175143
-10.122885754 13.064616731
-17.185768665  1.481521668
 0.074706644 -17.063300720
16.085144849 -1.774292390
 6.302225334 -12.443623440
-16.333584892 -6.160421876
 6.016819287 12.008576851
-13.998367781  4.339943146
-16.843400233 -4.355426194
-5.444613987 11.271778869
-2.823907020 -16.880867562
-16.391994958  0.031181450
 0.949751383 -14.339939572
-2.064795314 -16.581472270
15.721585263  2.499072547
15.154283935  6.074251768
-7.254541040 14.012918820
 0.292901624 -17.188210038
-0.986787972 -16.084520171
-3.701196268 -16.724410133
 6.079187372 10.352420759
 6.294435835 -16.235495814
15.355283195 -2.951320880
17.795534638  0.649294568
-5.626396097 -14.993739334
 2.568044364 -17.216995785
-1.582387459 -16.453921405
-11.850880059 -12.303480813
 9.340145784 -5.714142236
11.342501332 12.820264428
-6.979300867 -15.213431224
14.619205131 -10.174528956
 5.757598541 14.218291812
 6.101222008 -11.810042060
-0.712244556 15.879041573
11.123242254 -7.963306839
-4.134960098 -11.741369441
10.694564079 -7.741807554
-8.908851789 -13.016462662
-13.818867179 -5.935816549
-10.025245145 -9.455435023
-15.728106472 -2.932920770
-8.510551309  9.630419607
13.698581608 -8.194795059
-3.302201886 12.242431084
-6.864746553 15.488982245
10.096123413 -7.799272536
-6.410795591 12.399214334
 7.509524029 -12.233147892
-5.473286516 -15.938619372
17.329888899  1.098043089
-4.333487020 -16.828594990
-16.786366223  2.204943139
12.779545281 -2.678159353
-5.497344078 16.182970512
13.360499327 -5.987252182
-0.928604504 -16.744530784
11.622084499 13.120054005
 7.153559489 -7.892996804
14.656898571 -6.733588918
 5.056061509 -14.944988090
14.263471092 -6.475149717
17.693346169  1.368727324
-16.299399899  0.884321606
16.256257534  6.314705282
13.536299351 -10.165154344
16.337043892 -0.734587647
-17.331150606  3.436755227
-11.380272323 -11.875016711
-8.797740972 13.437074902
-4.349875175 17.176911495
 1.266389701 17.490173595
-13.735949586 -5.389605350
15.801835098  6.101688611
-3.289251246 15.773725375
-10.737013603 -13.106993058
16.577091801  6.281859444
-4.878736396 -16.971277864
 0.761314587 -16.467482158
 2.780716748 -15.851795626
 3.189445357 -13.044184460
 1.679500935 17.503692469
15.415508995 -0.289421500
-16.456066713 -5.886438645
-5.612317458 -14.517568981
 1.905053046 11.819047296
 4.891716917 16.637447562
-5.473379820 16.311555065
-4.409713159 -15.634876973
-1.678964466 11.708844443
-11.402465798 11.737086557
-5.785861864 15.344118364
-0.673515879 16.164451949
-14.295485286  9.766125589
14.701751709 -7.962645614
 8.587095986 13.235150550
-15.689450262 -0.127817318
-17.348535972  1.970285493
14.978854397 -9.203098076
 9.614571926 -13.662304405
15.146393604 -5.595877461
-9.147056908 14.439517541
16.015623744  3.004738040
 0.756031380 -16.837706961
-9.174902675 -13.740284800
15.767027787  5.993680302
-17.061491728  4.232372833
-13.353617683  4.221105378
 1.324499745 13.886225701
-2.924474916 -16.790983433
15.808506447 -0.334699486
 6.683712776 -15.133290399
 1.249648880 17.139786572
-3.534023165 13.644484502
13.710504110 -9.924109506
 5.139225063 -3.739412631
 0.184260681 -17.332439008
-13.976477119 -9.107073893
13.346206221  9.981982219
-7.431368454 13.038377959
 4.326092344 -15.437995713
15.030589193 -3.306501322
-15.190136934 -4.467722649
-13.538214312 -8.089655621
16.167673622  1.338343248
 3.564641006 16.150891803
-15.840040906 -3.586214065
-15.436548182  1.991660758
15.142264225 -0.242703426
 5.425141228 16.966278456
-5.790922881 16.698298794
16.358507500  1.720137346
17.139067721  0.290556347
-0.427433324 14.352059294
-1.133916247 -15.146361168
-14.765096952 -9.192289127
-11.629065663  8.069559874
-10.491866727 12.470185458
 9.663236667 10.483957143
 1.368332390 -17.579037721
12.760662783 -12.132152820
 5.553318654 -12.923107651
-16.098715563  5.556707136
11.964478147  2.687869063
 5.283324870 16.966814377
-12.382097734 12.376192929
-15.620304387  1.352896662
-13.286016232 11.668035778
 7.710070762 -5.250795475
11.732087601 12.052435615
11.500389851 -10.080545897
16.537604291  2.816572206
-6.207180330 16.456948507
13.684139351 -10.823090605
-16.344934820  4.007362324
-8.518427474 -1.631667321
 3.444699982 15.135690972
13.367738036 -4.656495947
-5.952518328 -11.615083244
-7.622879980 12.844035443
-15.053788942  2.862464810
-10.287464366 -11.665128544
 0.104105413 -16.752837063
-12.118658007  7.689973235
 5.751516729 11.549752477
12.218743063 11.939548403
16.970365067  1.305097502
-13.577778411 -0.297166370
-2.394430659 -16.372793847
-16.533697540  2.251717379
-10.976498316 13.057721559
-16.300387830 -1.477336202
15.450752616 -1.384468726
15.242370233 -8.833892007
-2.439031459 16.832318662
17.118262176 -1.277180288
16.236793019  2.317558940
-3.311981650 16.224122891
14.910078247  9.624574414
-11.685156377 -11.891482450
-12.837355405 -10.581898853
10.096710684 -14.622285310
-5.775210501 -11.522592786
-15.778846580 -7.170897547
 6.190630921 -15.810825991
 8.129965084 -13.794493409
 6.960467136 -6.859084485
-15.122720204  4.682866504
-3.032990923 16.264290333
11.752533203 10.715418529
10.490866907 14.295071742
-0.657126509 16.636244199
-9.202327001 -12.310098585
13.638856445  9.837856370
-11.368544141  8.412547855
-6.735464907 -12.612194454
-6.148892591 13.298815274
-13.241650080 -6.159426474
 6.440305148 -14.302531987
-0.939060827 15.023085478
 3.882457446 -10.048705040
 3.068466427 13.831866810
-15.469958459 -8.625011435
-9.805119873 14.257978520
 3.344339770 16.609165671
-12.145818645 12.870149363
-9.543307272  9.890157184
-1.134388622 15.586117906
 6.973490350 12.582749646
-7.722225203 16.026671511
-8.316416784 14.546811702
 9.578620931 11.566415240
-9.819914896 -14.687414292
-3.404258756 16.098017513
12.806363902  5.516220552
 2.615946450 15.475821917
-1.008619019 -15.621291074
15.728022382 -1.003559443
12.392160174 -6.451784628
-1.475720221 17.472958407
-0.720930608 -10.309710435
-2.061345899 -17.697397623
11.030722466  9.841058217
 2.040395819 -17.469996684
-9.017512109  0.498358064
-1.070770318 16.492064797
17.051031527 -1.918530431
11.438947072 -13.697444718
-15.327284721 -8.985552003
-14.250772742  4.777959235
 6.348987894 16.282545045
 7.354859807  6.526069676
-11.119842378  8.627889484
-16.305543308 -1.287213148
-14.573648242  3.249832851
-12.388782245 -9.252015299
14.467356288  9.968373261
17.234431299 -3.402518839
 3.031906849 14.560177140
-9.457137319 11.598267305
-7.018197740 -16.386866644
17.284391933 -4.163979026
-13.429817453  9.338168399
-15.393258931 -2.151772690
-1.047104259 15.991910104
 6.415227853 -15.123363407
 6.898424613 16.011504013
15.496968041 -6.213318476
13.723823330 -0.221253221
-11.994527536 -8.556387964
16.052290993  5.715176197
13.682589207 -5.850249474
-7.138313831 -15.487929480
-10.065080073 -14.575057699
-13.711856835  6.064072458
-10.894980459 -12.557841074
-2.083882720 12.894023687
-16.304578261 -0.074184180
15.995741061  4.549658094
 5.631244575 -15.188781294
 7.902505339 14.971583403
-17.701490156  2.168518039
10.323126926 -13.488134565
-17.629300230 -2.172593289
-5.752064102 13.824744672
-16.690169152  1.809242930
 6.253560762 -15.277451592
12.617029874 -12.012081233
 0.184572878 14.906570772
16.607852379 -6.236253635
-12.880727061 -9.344986375
-17.396216023  0.806971054
16.990428719  3.939515231
-11.409844907 -12.868066772
-10.759690869 -11.647107277
-9.157086742 10.520025877
 4.448747819 16.577598502
-16.066899388  0.177611137
-7.108012472 16.213651601
-3.085321048 15.022057687
-14.752627455 10.029230354
-14.014376098 -10.608171752
-4.202940396 -17.131617239
-9.479181725 12.861054277
 0.660024886 14.922558847
14.108275854 -9.578776511
 5.912375449 -16.408727478
14.814819099 -2.423314103
-10.218572432 -13.128962309
16.958427218 -0.603328005
16.598507886  3.179765199
16.958617669  1.092882018
-2.259049622 -15.850886961
-14.371086313  6.219576790
15.793091980  1.762869168
16.667436946 -4.362073667
 1.747379808 17.111045898
-16.370752614 -6.118966546
-15.996273258 -7.774671920
11.729544918 13.419986855
-4.587098080  4.510849552
15.092757614 -7.396283101
 4.412508627 16.496761287
-12.824907498 -6.053666391
-17.136908258 -2.062705037
16.728151882  0.874210891
-6.749799552  7.241780863
-4.654638396 14.782736689
-4.655035202 14.564857986
-5.865864188 -16.657755707
 3.684088383 16.182594307
-2.789131846 -12.480962237
-3.854551395 16.508243986
-7.563157105 -14.208138949
-3.451791209 -12.208946457
14.003794485 -3.178831717
-15.269587042 -7.723107925
12.585798493  8.737257349
-6.077395329 -15.633301554
 6.174940738 -16.337623944
16.695405810 -4.075716726
-7.713086400 14.081715549
 4.925828350 -15.115691652
 2.704487637 10.429798037
-14.513254349 -7.349108731
12.987409371 -2.570176002
-14.784598047  5.331812669
-16.493080244 -1.451834825
-16.400144474 -5.811327664
 1.216579165 16.732946994
 8.807039681 10.061415294
-15.860919868  7.345580227
16.053666399 -4.018757357
14.497342915  1.176712366
13.895239784 -7.137136771
11.456313236 -6.686458556
12.284898357 -10.394656280
-10.255211276 13.129191232
-7.439101330 15.060606495
-13.522057503  8.122390655
-9.064424441 15.100597425
-11.418969313 12.456584212
-2.827335265 17.434491521
15.591580552 -7.107447290
15.823719665 -6.718310592
-2.513043409 -15.430158320
-17.706588566 -1.470172166
12.144375874 -11.997803807
-9.118539546 14.659563710
 3.705619140 -15.990179116
 3.422254289 -15.713680804
 4.752690075 -9.033789639
16.350029822 -2.462396977
-2.577484097 -16.950773598
-15.558470422  3.786351534
 5.142874102 -13.884402753
-12.830041636  9.907858779
 0.359326838 -15.356784842
-9.996884526 -13.014643728
 9.416028854 -14.533453851
 1.857839455 17.466423602
-15.737794589 -3.400046591
16.138143680  4.604975520
13.079309189  5.031245957
14.969382775  8.717178523
 6.559359597 15.398509186
-13.895876185 10.411202161
-16.117372177  3.412836193
-7.146269908 -14.841280487
-13.325252253  1.812139452
-14.056445217 10.486946009
-17.046816701 -3.181020008
 3.426672108 -16.800529624
-5.486824936 -13.341379192
13.472966110 10.969212850
-3.861251857 -14.789260757
-16.367010471 -1.730136189
12.042754329 -4.800640393
-9.046615820 -12.191174483
-0.489356044 17.822775164
 3.119346897 -16.025393299
 6.637880382 -16.042198662
-2.793838757 15.028733055
-4.527597703 11.539274597
 2.631603369 15.546861953
-15.676953675 -4.587653050
12.533479177 10.813994703
 8.971777601 -15.123805533
12.629037862  7.347482581
14.746974090 -8.410353626
-5.418948141 16.873290174
-10.327862714  8.477578032
16.648155605  1.400091397
12.788668239 -10.616781433
-10.278491238  4.786403475
 3.432857099 -16.455726429
-1.932808860 15.348504487
 2.462333500 17.366342685
-13.203093553 -10.391059607
-12.100140771 10.146913028
14.265904324  9.700399363
-1.289515593 -17.531272377
-12.375576750 -12.163393027
-11.999630077 11.157633636
-5.724822476 13.643057471
-1.328889248 15.819393820
-5.664823836 14.206667925
 6.804753375 15.008927371
12.282377015 12.251865418
11.243070078 -12.266100899
-5.210814680 -17.044739750
 2.713123688 -17.094385126
15.299438843 -1.782169338
 9.395394237 -6.808919305
 5.131841005 16.605484455
 7.342585246 -15.263622171
-13.703332821 -4.305697834
16.822603696  5.866493362
-15.074693721 -6.834937996
13.501364133 -0.324415813
-6.180120664 10.286316723
15.004268261 -3.758714012
17.097205437 -0.887710757
 5.876586081 16.555494090
-15.080328330  1.419593071
10.622439846 -14.023996831
11.931046462 11.488323400
12.868123039  1.289343528
-6.701682151 15.478062325
15.208229276 -1.046650083
 2.033132213 17.373809249
 4.102523394 16.221129882
-8.795754519 14.999084448
-13.876562691 -0.953966839
-15.785756073 -4.951716558
 4.551189591 -16.975605638
-16.844563219 -1.463446334
-4.445755949 15.602787292
-11.535287687 -5.189431023
 4.201601074 -10.577484269
 7.919824253 -12.478707405
-6.318573578 14.165093341
15.551943936 -0.604576305
13.355702124 11.545141127
10.716698270 -10.841152391
-5.663191065 -16.819045729
-13.639385411 10.570510142
-9.423816143  0.780493474
-14.762259769  7.901914008
13.674934786 -10.687780884
 8.497773673 13.825632955
16.174313533  4.164766087
-3.373306645 -13.518148165
 5.440341574 -15.013410477
-15.284902689 -1.290188102
-14.582759840 -0.418107790
-16.304610139  1.253630180
-6.424838246 15.706823894
-14.260460987  9.917669554
-12.642829275 -12.449552450
-12.850555543 -8.861243231
-16.033611176 -0.656963176
-9.432870544 -9.515412144
-15.643131824 -5.718622343
-1.117223478 14.000297436
-11.709489248 -5.636544764
 3.118474600 15.415923191
-11.019635005 -13.390192758
12.716741891 11.310872036
16.752439835 -3.031355027
13.627642102  0.887691280
 9.152537100 -13.459711818
-14.929994400 -8.798955580
 0.637855727 -17.491272375
15.196963408  2.462972278
-10.756280563 -13.091422700
-11.724769029 -11.075758318
17.634506390  0.303499732
 2.834333680 -12.346871647
-11.861113706 -10.061871434
16.910339764  0.004915613
10.800729851 -10.413997436
 1.953374596 -15.037740535
-16.749450131  4.673767208
12.949975401 -3.493090899
-0.545667433 -17.435252440
-8.362683126 15.108720826
 4.941975284 -14.237377458
-12.165156103 -2.576684327
-17.674089814  1.384353094
17.636925847 -2.253256797
13.169343745 10.022507574
17.154049779  1.757440097
-0.313336995 -17.797822214
-10.612772365 -13.993666336
14.181694345 -9.621943086
-10.447314910 -12.965562973
 9.057027442 -13.463773765
15.178623284  4.924671793
-16.270237654 -4.443530144
-1.974916423 -17.348571456
14.135431663 -10.435007123
-12.147828408 -11.507229482
15.641960910 -5.895999948
-13.695020641 -4.588359336
-14.643898921  0.308591414
 5.352713027 14.686901637
11.923093813 10.514507121
12.859102581 11.649970964
-7.424388085 13.557492013
-17.129424521  2.242113883
16.302878357 -6.760705713
-9.576315362 13.863160698
13.946794174 -10.528716150
 9.604150510 -14.006459510
-6.226733847 16.196972912
-17.148876090  0.616995588
-10.581952201 14.222067435
 2.037607752 -14.571048485
-0.956514134 -16.606946167
14.192591522 -7.128047180
13.648407911  9.599710380
12.088493215 -6.641631135
-1.637838262 14.814738286
-11.841643601 -1.928325504
-0.276149149 12.780888521
12.898315247 -11.041163559
-14.760232614 -5.435470707
12.041368269 -11.990000604
 3.671597638 11.741892045
-14.475917787 -9.280983149
-13.725395605  4.652372033
17.169383595  3.820694573
-12.385459899  7.833836719
 5.414796277 -13.851138143
 2.169004637 13.636331493
12.852033243 -11.553670882
-11.346105555  8.366812149
-15.289964206 -7.012465732
 1.621831041 -17.157560665
12.332192282 12.264381195
 6.940696536 14.817129861
 1.449779431 17.575050042
-15.610704157  6.991836815
12.154637015 10.671198256
 1.233800651 16.760470940
 7.325356570  8.471347393
 2.428979564 -17.194216167
-5.661475759 13.680701336
14.457243605 -10.057798299
 8.213382927 12.957093847
 3.359376713 -14.572832348
-13.871973244  3.433473324
14.976595000  7.816318373
-17.263699069  3.673802637
16.284035269  1.427973458
-8.958532211 10.261982351
-0.591793490 -14.382614792
-14.280612555 10.537228913
 2.797620122 10.672338145
-15.458993271  2.434186092
15.702625565 -4.077606802
 0.736390382 14.235813418
-17.460209331 -3.286669508
 8.032126210 -11.003415313
-15.043055157 -8.526140491
-15.956613402 -6.415000018
-0.768826315 12.104909603
16.428723664  3.183930672
-9.717608487  0.656638978
15.944597430  7.411397033
10.887517987 -2.320976833
13.851842654 -11.136177101
-16.854448106 -2.931406725
 9.415565062 -14.536088874
11.424350438  5.997053454
12.218247024 12.436906780
 1.637984226 15.321902250
-9.731234214 -13.277990326
14.182973107 -8.431014042
-15.276631537 -7.069962290
-12.530349925 11.160266116
-7.671520587 13.549463214
-12.700894322  9.467094196
-0.326474694 16.769956270
-9.720868087 -13.840538664
 3.838820681 17.386108325
-8.336030915 12.841403231
-3.015116779 14.130766378
-16.666820682  0.227308456
13.436550974  8.073829568
11.232310115 -13.442748019
 9.094334572 -9.219882655
-17.055560579  1.372496440
-13.116620221 11.244360684
-6.401787293 -14.956159238
-0.642654523 -17.421089692
-0.225947509 -11.485267454
-7.911562556 -15.245640587
 8.167280305 -13.948743651
12.020953726 -8.034892930
12.186168770 12.000234600
-13.589316551 10.135592692
 7.261602317 15.223876275
-11.388168684 -12.365229657
14.457423972 -2.486758339
-10.779384095  2.235963805
17.722946342 -0.137765097
13.860936799 -10.464125921
-14.397248230  1.067268101
-1.916630198 16.569422579
-17.410727532  1.850806930
-1.012990893 -15.003272279
15.821910886 -3.375574330
-16.847602785 -3.804716993
 1.295843243 16.009246232
-9.571438882 13.226807072
17.250038618  1.816538133
-9.410055663 -11.911934118
-2.940129726 17.175525455
13.960433264 -4.784186115
-8.370995186 -14.248916218
 0.587637994 -14.216315952
-13.866871652 -5.622290635
-12.836296329 -11.072462777
-6.125485626 14.243142474
16.079978300 -3.965758700
-13.142655654  8.481237188
-4.381918812 -15.813523162
-12.335937566 12.477300962
 5.877206743 13.420070158
-15.900098546  4.069575041
-7.812416508 -15.137546296
13.332840725 -10.027344828
14.538022570 -1.368488508
 9.864896534 -8.965959943
14.744354232  6.218334249
17.397406262 -1.106929173
-9.651781265 -14.224570171
 8.643719367 12.079560273
 1.997049284 13.719792112
-17.591044458 -0.406210308
-14.333942965  9.205249507
 9.190635987 14.863436249
-14.563634167 -4.695569617
16.067909049 -4.973563662
-8.714738532 -14.546234716
16.294782410 -3.036603280
-6.908375362 13.887092837
-9.948240741 13.694840673
-13.236680383  3.026397150
-5.896338811 14.187934051
 1.575428120 -17.376430198
-4.808756132 -17.092229872
12.618157891 -10.000326948
-16.318036870 -6.743757398
-16.844887623 -4.756840928
-17.133129892 -0.661276335
-5.871366438 13.088728041
 0.910632708 17.320643794
-3.420224668 -11.456758180
-1.682087323 -16.905823667
-13.416620757  9.943139725
-3.832659547 15.852553254
15.741520511  0.567556750
-12.086413193 -4.872056601
-9.709348986 -11.052568190
-16.423380222 -2.310233227
-11.864481285 12.662281764
12.912725966 11.258106504
 9.201283500 -14.673180628
 6.587942486 15.399165932
-3.543576925 -17.046882228
-2.069446323 -17.656677312
14.728760215 -5.595565584
 8.233409919 -14.149799675
 1.791503347 -17.211240769
-0.470613096 15.002349209
14.322602630 -8.313785803
-16.426365629  5.283983785
-6.732277550 11.130109996
 0.554246344 -16.693184689
17.080628965  2.278842187
 7.069566416 -11.658568052
 9.173326111 13.717456060
12.760367982 -9.917551086
-13.859382693 -10.159405522
13.356551815 -3.258807085
16.238343236  6.003254199
 5.440347730 -15.947196637
10.964813104 11.788682081
10.545053483  1.622371745
 6.441544251 -16.607490534
15.568368398 -3.675990391
-11.274765755 -12.404646993
-1.140250860 16.405100557
-11.456596012 -12.982006372
15.856271708 -7.324031801
15.165832557 -3.192284612
 3.509346209 -15.149569773
-15.088213042 -6.559279737
 9.483771039 14.342627572
11.758252583 12.562825698
 1.743882292 14.960987640
-15.275610839  4.447603871
11.666178567 -12.528868763
-15.526384487 -7.235139882
-11.178770576 12.281609257
 4.211198807 -14.610092159
16.506361776  5.752939810
-3.513836485 17.153606554
-13.409248752 -6.328094922
-16.413638030 -4.336867198
-13.802161329 -2.117688306
 2.925747689 16.304440097
-10.267626864  8.962249575
-13.788477645  7.056641935
-0.598592259 15.072384967
12.808598491 -12.425409631
-7.942300795 13.587998989
16.595958099  5.998498933
-15.026190022 -9.035062683
15.104668543  5.413144937
 7.358460733 15.487315289
13.198262910 -6.464882299
-8.651105956 -14.199017222
 8.838230726  1.069846733
 2.326972698 15.456304114
-13.311183469 -9.092976169
15.943355254 -5.257988971
-16.149277263  3.191817221
-14.644974947 -9.652530297
-2.428719928 17.427564018
14.579710315 -10.046761924
 3.165926707 -16.763336361
-2.442697374 -16.385715986
-10.746220563 -13.819150970
-11.857756616 -7.820541353
 6.597913814 14.303023011
17.127790839 -4.669472084
 5.088126968 -16.231246839
13.729721298 -9.585597246
-9.782909223 -13.913637663
-4.075337459 15.788208287
-4.841394638 -14.453986001
 5.749582090 -16.533853816
-9.733588241 -13.039567522
-16.781402086  3.860382395
 1.459284953 17.693143231
17.152872075  2.029984835
-13.378057609  9.942296740
14.031035331 -10.909072545
 9.795374342 12.178275322
 5.711472214 -16.075007937
-14.328276548 -8.454180369
-10.518392522  9.224901344
-11.890035910 -7.968966252
-16.155780532  5.113113296
12.380062698 11.362097348
-1.166774968 17.536012181
 3.265938799 -16.635681636
-13.587704725 -9.841379479
-5.365105366  8.287472339
-7.382910672 15.374855845
14.936418256  4.193720345
17.774271998  0.104432149
-2.007287084 -16.340617921
11.892143612  9.215889580
-16.895633508 -5.179371659
 1.077864452 12.723483438
14.814399828 -1.144173860
-14.134736060  1.266608861
-11.704454825  1.592516924
-10.476637352 -13.044102202
-16.661101079 -1.662249465
 2.149122379 15.259441964
 1.727736887 16.871918189
-14.112200782 -6.419876575
-4.896796998 15.923133306
16.330788190 -4.934076630
-3.784378632 -15.019090225
 1.564693335 16.836242139
-3.859923312 15.248238043
-12.782785326 -7.317323736
10.504860216 -10.402600644
-5.128673375 -16.113927241
 9.637358212 12.542929099
-11.920313048 -11.753020112
16.434750975  0.777404454
-13.457688458 -10.516075709
-12.734265840 -2.355024207
-15.895774291 -5.239611302
-6.555496533 -14.572880597
 9.753832592  0.593020572
 9.331934697 12.447134726
11.348098466  0.684391348
10.218043418  7.344181564
 2.585856870 15.385630841
-12.422079231 -11.384312216
16.843428391  2.110519575
-16.959743022  0.515061710
 6.325513997 -15.043786587
17.333325551  0.632060912
-7.222895166 15.404389136
 3.823334172 -12.101795893
 3.711304425 13.942697221
-11.335930594 12.147942538
 8.917945132 13.387817507
-10.380045828 12.201425314
-13.211376411  6.565276880
 8.749649204 14.948499465
13.421667454  9.461685756
14.115010039 -9.654049791
-10.322541741 -11.565307881
 5.627047654 -16.620601707
 7.878422176 -2.005583979
16.447247415  0.338562405
-1.132720575 13.905240988
-14.645826331  5.348224964
 8.368488041 11.494782325
-14.051619936  4.922663208
16.982427853 -3.940132651
 2.236947597 -16.716420752
-9.578292109 -4.462301294
-6.513144419 -15.691825602
10.186102780 -14.199756358
-13.072848097  7.808633301
-16.823077206 -1.458437169
-17.744007097  1.393129788
-7.131915900 -13.787343467
13.573638228 -9.481805179
13.913628838 -10.207988442
-3.941606855 17.297806412
13.817977823  0.511071141
15.035063941  6.214087994
 5.323492598 16.828250302
 3.315986229 -14.672951019
-17.751020135  1.493950942
-2.756901147 -16.936321646
14.131104627  0.084712759
14.380842736 -6.776053157
14.981538119  1.511435114
-15.537613173 -4.711487054
-16.740655716  3.780312749
-16.008997754 -7.019496534
16.965688878  1.069438279
 4.338426889 15.071427183
12.154437009 12.139947050
-2.364848217 -16.611827822
 9.556264426 10.263547738
-9.848133317 -14.135603504
 5.562904108 -13.849165329
10.306675594 14.058611567
 0.305990840 -0.513145156
-16.746930683 -1.870486422
14.598211514 -10.001453936
-4.944891841 15.378258070
-8.258205393 -12.937644795
 6.649976689 -16.075379172
13.470728681  8.670430120
-16.685665295 -5.945585609
-7.798796675  8.359331991
 1.604544261 11.527040811
 0.551313280 14.828133977
 4.541535821 -16.945098806
-11.619499904 -8.867644401
-2.384775262 -16.703120362
17.309693898 -1.313829431
-11.230685246 11.477684221
14.096739872 -7.601613782
-6.326702302 15.067409186
 5.498537396 15.355123079
16.561327117 -6.401297304
16.060080056 -2.991265366
-11.571119633 10.672950801
-8.860697952 -11.607536189
-3.520754851 -14.618947562
-8.152171048 -8.251911808
17.236178870  3.977496229
-9.160291055 14.462883094
-1.070850692 -16.863738565
-15.554826206 -2.197000068
-10.630159000 -14.313899013
-11.487584166 11.058961449
-10.248616621 11.891764144
-14.388289216  0.349951330
-13.111177929 11.448029690
11.159212779 -12.081852828
 3.865107570 -16.934633399
-4.151253953 16.389936915
-3.906671224 -13.580836720
13.788404638 -6.504324861
-0.395104273 -17.196192087
 9.849464813 14.795850547
-11.740451960 -12.873344721
15.406266689  1.301115651
 2.632409962 -17.324830117
15.185217649  9.285383046
 2.031851672 -17.461672903
-3.649857051 16.685325773
-9.056107086 -12.239022219
-2.523759546 17.121321441
16.695918676  2.099643340
13.933346323  8.444189662
16.861537248  2.020329129
-10.954898088 -13.338865121
 6.584724641 -14.978397771
-11.329685919 13.473302637
15.093686612 -6.707029782
-15.865063703 -6.220382278
-12.753405816 11.121578464
 0.609341626 -16.197351253
 3.688827906 -15.343724568
12.043555708  7.773443664
14.701580352  6.288659638
-11.342373939 12.712048878
 5.194777301 -15.574632743
14.525214220  8.845352440
13.560411440  2.038339683
-16.722918778  5.096007438
11.750428151 11.594324047
16.086177175 -4.357276334
 8.686508711 11.609467078
-15.745145275  2.103073051
14.966924341 -8.051589029
-13.741608919  2.106833679
11.491024310  1.349612104
15.862709177  4.381948042
12.133712555 -11.520451222
15.950760324  4.697236469
-6.785091762 15.638985461
16.458400212 -1.477654880
-12.515123105 -11.201542273
-10.959814857 -13.845463175
-3.479582677 15.712503802
 2.014429165 -16.851468194
16.658676942  6.205913662
-9.926264914 -11.360344040
14.119607519 -7.245914270
-14.184048142 -5.373224867
-9.348338347 -5.896541688
 2.905543691 15.954180425
-15.481625663  0.260206144
-13.091708978 -10.568159970
16.576626588 -4.618048060
-11.531848564 -12.761942090
 4.645678290 15.565639436
 5.215878891 -14.132181637
-15.862751072 -6.784117532
-7.640018183 -14.713122927
-4.579166355 -12.118757435
12.895027505 -11.074689744
-14.145322549 -6.685417368
 7.351213116 15.893073574
-10.739442236 13.639967040
-14.365498639 -10.042096803
12.712293847 -10.268410303
12.172443306 -12.027538556
15.682780372  1.533973344
10.662099785 13.192741345
-4.969070319 -16.436949432
-16.072224372 -7.425532735
15.306627788 -8.035733666
-12.802183383 10.280702770
-17.326561636  0.881751302
13.533668407 -9.719390365
 8.822520266 -13.769993010
 6.913310423 -15.508094205
11.465380947 -13.122857511
13.241470089 11.782661848
13.063657096  9.175400704
 6.948793361 16.123920838
 3.262902618 -16.915899213
-8.080162954 -15.607229899
-14.830925652  7.923228261
 0.959160819 -14.880733494
 5.894922709 -5.890361454
 9.881425499 12.696544363
 5.861916207 -13.210351487
-3.311347610 -8.749269489
-1.555409897 -14.656584643
-3.241377693 -16.901411254
-14.303789718 -7.797976207
-10.896821814 -10.743709189
16.892437315  4.064999467
 6.447331054 15.950115630
-15.793711225 -0.816807522
10.013997443  5.643877289
15.319812539  5.662368473
 8.693275616 -13.414607325
-13.384873891 -6.123434083
 1.344562163 -15.200981072
-14.354923929  0.526227647
12.799318816 -11.220573821
-11.018583061 11.791260645
-14.355478202 -8.513625431
17.218401420 -1.768672203
-9.837694118 14.563926372
17.034704469 -3.713472004
13.639596932  9.810091853
-3.859995371 -14.341394395
14.382747479  1.547373136
-9.458766742 -14.500175296
 0.613746487 17.367835810
13.778192521 -0.947101385
10.254599888 14.048068835
-15.385367801 -4.131685357
 6.485541956 -10.995447951
13.500149144 -6.008329907
-14.126145532 -10.073366266
 6.464890828 13.947959529
-16.775865661 -2.886953533
 7.172205866 -15.033248128
-15.614632745 -5.343894015
11.344473613 -12.148138914
11.588996961 -10.363456009
-13.606880106 11.157604792
-1.232639385 -16.507018672
-13.733111245 -7.657867439
 5.446667767 -16.243885809
-6.412423442 -13.632473485
-4.162898428 16.102109028
 8.458899984 -15.087187750
-3.432407413 17.051058971
-11.311410554 -8.739205485
 8.362331688 -15.444766396
12.474533939 -10.532933136
-11.637640357  8.752243788
-0.627590240 -17.487376383
16.771797081 -4.912959887
 2.173047171 -15.367225434
14.609387979 -7.655376827
 4.915180096 14.804163480
-7.053811461 15.640233955
12.836466196 -8.929762991
10.261917245 14.426889245
-7.867950232 -11.184697141
 7.732388975 -12.200216110
-16.682329665 -2.031408179
-1.992701758 17.261372930
17.175665430 -4.654896833
-16.584553997 -4.655687907
-11.599240772 -8.378647515
12.387605489 10.092029438
-0.226274942 -11.065252787
16.070226630 -7.570957820
-16.849104229 -5.354910710
-13.007032571  8.854074945
-13.456395282  1.851824518
 8.451444140 12.915801758
 2.329751267 15.981839652
 5.755838848 13.482466617
12.461923342 -8.935454726
16.695934905  1.509746366
-16.934916599 -4.978953284
-17.141935676  0.931647640
 5.301831818 -13.487591999
 0.475495997 -11.687530940
12.400462823 -4.290699630
11.977377272 -6.738429225
15.136416875 -9.361919115
 3.758623470 16.359020933
-1.922883158 -1.449000615
12.873657626 -12.062985677
-0.266223590 17.289268200
-8.804761180 -11.986828902
-1.183264143 -14.390840640
 2.148603182 15.173941273
 0.926599917 -17.267729431
13.791229577 -2.674791273
-8.719376168 15.084983548
16.459348932 -2.503426429
 9.408446666 -14.797673216
17.214243334  4.676068911
15.172864874  6.173703580
 2.506993367 -16.229088643
 4.695153462 -15.920959683
-13.702131551 11.243041428
 3.887996968 17.115287406
-12.928331444 -10.447070657
 1.223826086 16.244230540
-1.330229070 17.575648826
 3.172155643 -17.230166097
-9.815140097 14.400010169
12.393028880 12.297838933
-16.723560076  4.870783600
 4.621141030 -15.753313526
 9.100422489  9.915827224
17.458791540  3.477822532
-11.423066902 11.987153528
14.607918001  8.571884803
12.950000438  9.739932668
16.722915720 -1.247315749
 9.122534928 -13.150334729
-5.284144174 -16.155903552
-13.380308907 -9.479379053
 8.782466772 12.432221784
15.499851575 -3.797856766
-14.703203582 -9.820339035
-13.366794994 -10.061730633
-11.520663845 11.586835967
-14.634857145 -5.874912691
16.730729913 -4.962526962
-0.179359588 -15.692733111
-17.599238015  1.264891661
14.804571462  6.331322940
-2.716950582 -14.505630269
-12.681203478 12.287658852
 2.417570851 17.035572846
-9.796296295 12.948157780
17.106037417 -3.020464332
-16.843553561  2.063653375
 8.060985812 13.993687451
 4.332466636  9.698394751
-8.922095155  8.878082452
14.797121110  0.715814794
16.120788103 -3.296968377
-0.521765631 -16.103049418
16.319390325  7.187626507
-0.978796904 14.503940918
 9.056575006 -13.295958084
11.022320277 -3.770140350
17.315180339  1.723365987
-7.597102911 -11.540797455
-13.351679482  1.611901633
 5.105600539 -16.142406185
-8.252325477 -12.077893333
12.095101506 -5.886737338
-8.857750851 15.459526803
-7.441010628 -13.805799227
15.996078862 -6.258764419
-0.273470752 17.825075309
10.273083461  9.113980502
 0.415140360 -15.844427826
 8.847074921 -12.111566894
 9.288119025 -15.108955156
10.945893204 12.572804303
14.190916187  1.750672463
11.555574285 11.767956433
-13.967999750  4.617327037
-2.330945784 -13.861012574
-12.341682923 11.974177854
 9.858956374  9.976905040
-3.642308889 -14.914412896
-11.348802391 -12.751251218
-15.442367843  3.140825237
12.472690328 11.698792010
10.706450031 13.070247574
-17.068100811 -1.458749647
-4.149361533 16.359851922
-14.246591681 10.411684709
-15.910229545 -0.217761095
16.930433372  1.743932389
12.254050336 12.166147144
14.063128174 -10.355580151
-14.765877530  2.089351211
 4.603180948 -13.119166731
12.755635655  5.687671843
-3.315214339 -15.338697697
-10.155516914 -11.578447101
-12.254590827  1.656180229
-3.867528005 -16.967000513
-8.250014838 -9.451656115
-15.642568459 -5.373559460
 1.465616431 -15.889486040
16.376834514 -7.002446480
12.521787863  0.524146333
17.281161071 -0.573122157
-10.993521120 -7.391594121
15.839707877 -8.083263914
 1.894377933 -14.852610366
-6.379283557 -16.000321869
 3.104336922 -15.949074955
 7.513456149 14.533054339
13.494793841  9.573925295
-7.449787343 14.190401046
-15.894195917 -5.305525278
-7.869621211 14.817597775
 9.588504547 -8.157420298
16.300384844 -5.783636795
-16.388324782 -0.945448450
 3.233570359 -16.844088911
 4.641425367 -17.170611210
15.027200701 -7.084196485
 5.176342967 16.398413752
-14.235210144 -0.927714669
-1.407491926 -17.188713171
12.984672155 -9.251174432
-14.944062942 -9.182476167
-12.990649779 11.665449128
 6.438815945 -16.630852516
-7.431445739 -15.190887501
-11.262854401  8.510341327
-6.300122176 15.921504996
11.871785905 -9.931145798
13.694753603 -1.817720904
10.034342928 14.164467273
-1.323992316 16.791030435
15.535068159 -5.296038823
10.869413265 13.651858056
 3.342118720 -17.177741479
16.005191559 -5.957642997
-0.179927267 -15.943869260
-9.191006995 -12.924772039
-3.460588507 -12.352536315
-14.591770126  8.733807025
13.337545525  7.619555489
 6.137054604 16.492646362
-10.780507996 13.632495151
15.568739291 -1.326194138
 9.454081376 -14.346771236
15.353429941 -8.611615978
-12.899795189 -11.918760151
11.064308200  1.296554457
-17.211351221  3.106064559
 8.007102020 -14.768002323
 8.449311262 -13.468793899
-4.601189604 13.613008381
-7.322180026 -11.489948779
-8.788962574 -13.704728222
-12.643854078  7.547492659
-2.616012535 16.504532996
14.456689104 -6.815396834
 0.993658930 -17.252390819
12.642101678 12.233706547
-14.191465216  1.319059738
 9.740297540 11.321923276
-1.875493697 -17.557971400
-3.601715260 16.355200455
-17.107546801 -0.366053193
-4.502623230 14.665636123
-4.645974030 -17.047825422
-5.350772223 -16.304050937
-16.738745064  2.373756978
11.867415141 11.583253336
-16.764945679 -6.061443528
-10.743332926 -13.375112444
12.858855350 -8.407188932
-9.026404659 -14.785450903
-16.473274225 -2.737192315
-7.387886985  9.988901689
 0.319616228 -17.376807761
13.393494045 -10.368092042
 6.826945450 16.419799656
-12.215048458 12.846714374
 7.305664346 15.777625601
-11.025818117 -13.192297941
12.688923661  6.666400671
 6.769976824 15.487547166
 6.813729561 -15.426157962
16.982059008  2.164971992
10.073862000 -11.278298288
 8.897043262 12.626827148
-10.081253234 10.526817856
-10.751052171 11.745022052
17.429916737  3.302754647
12.903432795  8.304762663
-16.344431767 -2.411406330
-6.966753910 -15.360326287
16.438779393 -3.407829179
11.894212976 10.277858668
-10.146166975 -12.210567656
-4.066086767 -16.601512702
-16.601553303  1.037041601
 6.444006486 -11.714473688
15.918471442 -8.005783592
-10.404228191 -13.633957659
16.812492911  4.968639694
-14.786204756 -9.643443365
16.070433460 -6.959575787
-13.793067508 -8.003272100
15.974845650  5.741363546
-17.095670637 -1.922729985
10.658844064 13.582781063
13.759266685 -11.056872118
 8.040308337 -15.386052604
 1.347776789 -14.433358876
16.146201591  1.044180357
16.705028504 -4.795298623
-5.892506629 14.781177569
15.789017726 -3.288179220
15.374121328  1.795758036
-4.946040435 -16.290077624
14.912551127  8.277220810
12.494487022  8.804662884
 9.460337947 14.219744246
14.994940621  8.426337673
-1.322274920 15.159633639
-9.135362915 -15.132746095
-9.042024217 14.297409375
-15.871828934  0.367137293
 8.548353245 13.495463109
-12.044112273 -11.782652312
13.427299219  8.186120982
-9.069080174 -11.881358373
-16.650872366  5.442309298
 0.788616326 15.638475095
-11.915993580 12.279722871
-7.138386412 -12.000180411
16.988924843 -2.823904379
 9.815872096 -14.129622640
 5.221033363 -16.740799155
-17.024194749 -4.391439080
10.586534318 -9.742894596
-10.389275080 -11.336351767
-10.659152114 -13.388253663
13.011873014 -11.921769422
11.380344174 13.208664066
-2.843589693 14.732982203
15.533429213 -7.565284614
-8.469296991 -15.695750988
10.915555768 -12.120064148
-17.292508973  2.426075384
16.490753126 -4.311142982
-11.342740327 11.466591994
-9.030379117 -12.778491538
15.947944012 -6.031562323
-13.240326025  7.193169567
-16.358786407  2.025953202
12.465457172 -2.906366562
-4.222097105 -16.210047431
 7.175505663 -16.239004164
-13.401674159 10.017512285
-13.843631162 -6.582477381
-0.224700437 -17.223659929
-17.618315250 -2.209786874
-13.880437547 -10.102166177
-7.988519791 -8.948021680
-4.893191000 -16.861281507
-8.417469795 -14.061858356
-2.411908777 14.052911660
16.051356011  6.371628551
 8.972708237 15.196230121
-11.326605163 11.532785034
12.517335144 10.332555751
 3.887313910 -17.101756576
-8.588724139 -11.716749941
12.977090235 12.090705020
11.312779682 11.060243991
-5.257182453 13.690884705
 7.004267631 -15.420532731
 9.891574432 -13.873362940
 0.395285328 -17.611065755
-9.340105411 -12.960888539
-14.038608030 -7.019545812
-11.316397499 -3.876306307
17.027955100  2.546649079
-1.783743368 -17.023991910
-11.022193826 -13.346721365
-1.266272495 -16.201455864
-12.086291468 12.212807159
 9.891070851 13.907310636
-6.974158659  7.049924804
-16.114438439  5.623873920
-11.747719198 10.184172993
16.852965622  4.065951432
-6.407765002 15.287696760
-0.716742751 -15.202229601
11.361677868 -13.060073183
 6.091985715 12.442247791
-5.660392235 -16.392507660
-4.979670781 -13.699791839
10.890289072  3.567334614
-16.491078723 -1.913193637
-9.217200243 -14.730605865
15.538855827  3.490742227
11.203178457 -5.435426139
10.875110211 -7.183786060
-6.932416278 12.195402260
-5.425171063 -14.412157171
 5.547341698 11.776385931
-14.314431220  8.067202331
-16.811538630 -5.021246303
-11.242392270 10.444220320
15.578611778 -8.263269044
16.320459555 -4.665464249
12.917313702 11.737458797
 0.777398575 16.955683216
-11.917640350  0.300461875
-15.883844274 -1.916283641
12.466311515 -11.526914025
 7.781415562 11.764535420
-11.965056702 -2.143962804
12.906344743 10.887215862
17.274384204  2.618051736
12.273155036 11.958015796
-9.266839052 -11.122644353
16.748538046 -5.297134580
14.852339939 -9.535009363
-14.967479377  9.639767251
13.917333954 -9.960971180
-6.126541921 -15.684911519
-7.003045459 15.744244675
11.271464815 -5.963417793
12.582621668 -10.982857591
-12.324373124 -6.959683656
-10.124801078 -10.837083849
11.166077691 -12.214245106
16.485211385  6.534588094
 1.063634279 17.232942621
-17.512499962  1.938707703
16.096970725 -1.442289463
-17.620574279 -0.043202275
-3.299653392 16.368938837
10.195510377 -14.571088906
-8.165849363 14.521210996
-10.132295705 -7.164272974
12.445462718 -12.628044890
-14.616940209 -3.178276940
 7.229811111 -15.519810229
-16.141389772  3.965936457
 8.376458934 14.451877954
-13.290581839 -8.029249333
-10.579480296 -13.246420142
 2.966435392 -17.129846179
-2.613269555 15.582690670
 3.592338254 13.289180966
10.069791219  7.602572543
-15.577099885 -3.938961611
-7.755889160 11.307967519
-1.998968353 -15.619237635
16.991785629 -0.527238407
-12.778452239 -2.442977517
 9.956027351 13.337921049
14.441129664 -10.430778563
-1.806199057 16.346329916
11.515002689 -10.298931507
13.599417678 -8.897424124
11.939123953 -11.667617872
-14.552564554 -9.037695857
-13.729741391  1.509057944
14.523626664 -3.544332986
15.980201323  6.498013978
-16.024923204  0.606719400
-17.251166961 -2.807462464
 0.712913271 -11.909202299
 6.452560048 -12.249461450
-12.281851642 -11.958379813
 0.420644829 16.453134827
-5.542262219 -15.892089012
16.614464483 -3.848975127
 1.736304163 -17.263151744
-17.740775315 -0.403797583
-12.247563772 -10.901675590
15.477918752  6.006492532
-12.386955832  9.953397639
-14.438109903 10.323590589
-1.527474128 -14.933090014
15.373301202  2.882741987
-15.852950064 -0.040913466
 3.758203533 -16.774551871
-8.404360461 -15.468505402
-4.851859910 -16.034144066
-12.983296649 -8.785384502
-16.312455703 -4.043666043
13.161780639 -10.428062192
-1.787242855 -17.111459682
-12.731847449 -10.890436390
14.869170948 -6.604160223
 3.349196739 -16.376617851
-16.791264447 -3.732310383
-16.101779177  1.789152762
-17.126453479  4.954565786
-6.619522019 14.345885330
-10.505592176 -2.930093762
 4.545553814 -16.790639895
 2.697686713 15.341581546
-12.215710605 -9.402555963
15.995178387 -4.239865646
-17.235111890  1.395706909
14.759932406 -8.858834060
-13.137389472 -4.250957676
12.191376447 10.905824187
13.428808573 -9.375575711
13.164020781  9.783132872
-1.979544517 -16.894478031
-6.809985427 12.395751998
-15.739655550 -7.325130541
-1.890055327 -17.129654338
16.586329659 -1.369238583
-11.262682390  3.690970097
-13.922902755 -6.332653101
13.769632912 -5.043711838
-3.531598246 -13.238311790
-5.669498229 14.906723742
11.436761663  0.322611315
-2.016947477 17.336359862
-2.627730844 -14.994086977
-17.014346723 -4.173464241
-12.824800895  3.727750584
 8.505621783 -14.798569478
 8.035908945 -15.184955404
 2.147165399 15.869065965
 5.960319419 -16.665293179
-6.109446167 13.470512154
-6.473772544 15.938838293
17.387139279 -1.488249031
14.034102352 -6.377293048
-9.177223430 -11.159096965
14.825613998  7.603896442
-3.211015602 -10.570496256
13.568284717 -7.724699910
-4.985858147 -16.754967054
 6.539030602 15.262768187
-8.024853929 14.370765896
 3.790768751 -17.277769331
 9.133881495 -9.479727082
16.496675870  6.148022861
 8.629432993 -13.999332576
-11.222180752  7.830295748
-1.544148532 -15.763468728
11.405433303 -7.875346199
 7.330322235 -14.143490430
13.251463183 -10.255232336
 3.288350096 -17.025499358
10.408265192 12.945899279
 4.438836826 -16.819108351
-13.380126329  2.908094802
12.825925197 -8.648486553
-3.791800035 -14.683266915
-16.448835219 -2.500492472
15.763082800 -6.101105729
-12.092155322 -8.202485187
-16.646931471 -0.353090746
-3.850963094 -16.498932008
-3.586346817 14.835695643
-6.907357848 14.862910570
-9.550481851 -12.864136677
10.851501110 12.509024884
14.981607854  8.651125286
-4.568707142 -16.129839067
-16.768936908  0.267979998
-6.882770371 13.755913795
-2.006423461 17.293486097
11.917791984 -9.937382461
-15.201064906 -0.403601171
12.908879327 -6.129409598
 8.164078252 -15.391303530
-3.888811139 17.247470315
15.779693677 -6.796475403
 4.225388720 16.644271789
-15.716464783  5.024168636
-10.926070314 -12.889474276
-3.812664406 15.295145316
 3.788523893 -15.681953126
-3.910751631 -17.384627531
13.376963078 -11.731659478
-15.286654732  6.873642314
-0.123759444 16.289132062
 8.616405511  8.059889436
-14.606527270 -5.323630427
 9.158732257 -14.730535462
-0.874333611 -13.543100827
 7.369160684 14.920601507
-3.124132381 -16.352659017
-12.061221527 -11.234786783
-8.477049027 -14.953598648
12.298406755 10.768679324
11.628086852 13.455731382
-2.155425837 17.621306738
15.714655170  4.658415666
14.070500988 -9.235324701
-4.010128727 -16.693674846
11.884496447 12.269368400
-8.084637352 14.307226916
-1.376260461 17.223617775
-1.268845849 15.117305236
 4.264580365 13.515490186
-7.122890928 15.656286991
-6.617449825 -16.055127503
-5.682506120 -16.394050377
-2.307671570 -9.383751532
-15.279133892  9.168493800
-1.970471285 -16.310228022
 7.294506057 -10.440888064
 5.182803220 15.594817436
-14.296627457 -1.522348781
16.544935158  6.371329615
-16.203489240 -3.134120697
-17.775404132  1.211405308
-15.963848718 -4.208236282
-16.719545582 -5.159155024
-11.933101281 -10.388378069
 6.131536257 -15.614293432
 4.267318066 16.492423292
-12.037991798 -11.782610501
15.506489897  1.216920894
-13.986720320 -9.659310620
 5.319711968 14.375983059
 2.206294412 -13.893353720
15.191195630 -3.682432389
10.621329817 13.368705564
-16.271766174 -3.901133028
-16.960204717  3.679941502
-5.964995280 -16.433541083
-10.114101858 -14.670773900
16.459793629  5.896313590
-13.207237883 11.027053241
 7.232838420 -15.812992894
16.706882498 -5.237790733
16.105279954 -4.997572437
11.381765074  7.098862663
 3.197566760 13.625525645
 3.337967682 14.295588864
 0.556463706 -17.610903487
-12.139356325 -10.695702127
-12.430412144 -10.098636741
-12.662704460 -11.293798687
 8.799111126 -11.914097644
 2.445690381 16.928118352
10.717601511 -9.832274152
 4.718808028 16.146930058
10.795961498 -13.301028253
-16.978964753 -1.567662157
-6.165431602 -10.439414916
-11.672035744 13.226479146
16.434616212  6.263060065
-15.910804720 -3.514920786
-8.366848414 -14.616481382
-13.433921909 -9.321502130
-0.577310628 15.494466284
-0.677212760 -16.279991492
-1.410942020 17.520926321
16.386628540  4.078973963
-13.113078219  4.459003348
-14.011617182  0.839451780
-15.882171909 -4.693371317
-17.551438602  1.797394227
 6.759498494 -14.772464639
15.761911749 -4.769130754
 2.938577965 13.827662732
-13.897006254  6.171447739
16.444197442  5.383601232
-12.633283884 -11.513462435
16.415151673  2.537528080
-6.630422181 -16.420505030
 5.824239215 -14.527750002
-16.411458250  4.188350241
-3.223699708 -15.469903651
-5.516772521 15.123915646
 1.742800088 -15.385704542
12.842239620 -7.827309488
 7.732830615  7.572813957
 9.580429138  2.977738577
17.025831569  1.573667899
-16.470498665 -2.223864913
15.276374906 -7.411228204
-16.743944678 -2.137535703
-17.346108704 -2.661256797
15.357583636 -2.328174132
14.076024217  2.394406905
-15.948318308  4.603097402
-2.369608221 15.605795353
-9.120510392 -14.471347821
 0.274030157 16.886366164
-6.441660107 -9.260658045
15.242795465  9.059438493
-13.732811457  6.471933784
17.113735307 -3.286999540
-3.652604676 17.153049461
12.714062917 12.301379811
-16.421008811 -4.677803716
-14.556385429 -7.832940870
13.947254858 -2.555815990
13.855306624 -6.970215518
-16.756625440  1.029736402
10.739713153  3.226690978
-13.826286338 -11.271523547
-7.101566688 -12.534012260
11.791557574 -12.477737611
 6.814870834 15.735221292
-13.222181639  1.704233684
-16.812436332 -5.687148373
-14.215691584 -9.110956367
-14.814455075 -8.272720590
 6.310168533 13.135993051
-14.011792865  8.058363996
-15.183999643 -7.201145794
12.935141709  8.492929605
-2.380457801 -17.084781327
14.374537262 -10.146065942
17.598551623  1.713088658
17.522056489  1.118098857
12.110568232  8.068111955
11.502426666 -12.602534880
-13.224047071 -11.260443448
13.803619249 11.237127151
17.192322675  2.993236356
-11.167932605 -13.612032713
 7.868276282 -16.001407523
16.368993104  1.009896546
 0.493963890 17.766333738
 2.388257941 15.787470706
 4.016105889 16.953818501
14.212181760 -7.909632822
13.305251978  7.270774987
11.921868912 11.632058536
-14.026706556  9.827379919
-15.997358762  7.203387244
-0.945229554 -15.684422001
 4.259543120 14.926450537
 2.220004697 16.574633047
-12.317573126  9.568337342
15.906353273 -6.299174691
-16.734126525  1.768347286
-3.008010866 14.388672001
16.794627586  5.997615948
-4.675358606 -13.917132547
-14.490079313 -10.234972977
15.991694858 -6.157790013
 6.267188019 -16.063940466
-3.967699736 16.462140186
-4.588173850 15.985025615
11.641592411  4.369940286
 4.760887266 15.136823922
-16.302117130 -6.261576284
 5.070803653 -15.578623655
-15.376055586 -4.740518163
-14.819594870  9.625789531
 3.244755947 -13.685744603
-10.692375673 12.463851823
11.563319679 -9.602616088
 9.287045834 -3.499037268
11.132046295 -6.237980600
-17.049775693  2.272550321
13.320406673  9.893603339
-5.023595880 -14.596248389
15.342954522  7.898964107
-17.245037755  3.643692788
 7.981661864 15.873200390
-16.978874419 -2.096782753
14.381567656 -9.392164093
13.057707402 11.368197301
 1.346984495 -17.335696370
-8.250003346 12.752885969
 3.954453111 -14.851090034
-2.099491194 -12.336258577
-2.687770531 -17.639497610
 3.267707155 -15.420845530
-8.070257256 14.854842380
15.808467519  5.414040728
15.656225767  0.724563057
13.434342901 10.157247461
 8.728913984 14.054710110
13.425505020  8.125091815
-14.179163091  7.520005974
14.360000323 -0.072878617
-9.223012758 14.829005819
-14.676113249  8.133943900
-10.127619237 12.964865668
-4.964676169 -17.032332073
11.866410578 -10.975973524
12.038234150 -6.214928119
17.642575629 -0.282760941
-15.134413849 -9.395883200
15.322454398  8.686936015
-14.389449758 -1.919249854
-15.275779100 -0.453449698
-12.561744297 -10.662070932
 4.347245556 12.883677744
-0.016642245 -16.824213911
-0.089489372 -16.703715952
-16.229215302  3.712621507
 9.890981917 -14.021576165
13.721494136 -2.266192094
-13.234010069 -11.174125127
14.024090839 -10.979561059
 1.114514767 16.618696222
-1.161140745 14.774594262
-1.560712662 -17.036684091
-0.724126086 16.387662844
-1.937746641 -17.210291943
17.147340320 -4.304163075
-14.694769658 -3.321487213
17.050844440  2.615114206
14.388804161 -10.560187732
-10.850697716  7.942946202
-7.767217413 -14.435296665
-16.958167740 -2.655167977
12.955830165  8.473448054
10.786979560  5.094132312
14.818765996  8.447764072
 9.341844655 -14.450411547
12.305424806 -9.218193965
-14.045175783  4.987947001
-12.487852851 12.254034918
-13.643976220  0.991944322
12.525293390 -10.181513132
-13.635361257  7.483252567
14.876197578 -4.068958499
14.468444284  1.961852806
-15.901769699  1.715007181
-13.488766767  9.843065850
11.038393703 11.784989232
 9.369165520 -13.451716999
 5.798511538 -15.843315755
-12.337458393  8.817766333
-12.523062625 -9.916615079
 4.446843625 -14.845884713
-9.289741860 12.526611050
11.105623261 13.912465234
 1.962165197 -17.095448934
 2.186344854 15.810352385
-12.916326968 10.387296710
16.488328370  1.029987357
-8.543604445  7.935847961
-10.463004594 13.270571268
12.043326042  8.697220424
 8.610608440 -0.964500364
-17.255461474 -1.304471971
 3.031441562 -16.575526540
12.450199449  6.258152746
-7.518509979 14.109822543
 3.815789248 13.004144368
 9.516830334 -14.616050720
12.402776335 -8.772074859
15.339027850  3.825985171
-6.087143526 -15.302560755
15.285226249 -6.649729457
14.565398969 -9.413405907
-3.844442938 -13.432944917
 4.402042170 -15.743177040
 0.588105469 -15.278913346
16.990260847  5.364714186
-7.766616524 13.957063835
 4.440321832 -14.433868008
-11.349684355 11.045161822
-0.531870064 17.322212640
 6.567604809 -12.842339611
 0.583730699 -11.436005910
 1.623502093 16.226760625
12.763997937 -5.292278663
 6.437630613 -15.553780786
-8.678950597  6.005951081
 6.024998709 16.760128461
 1.785933337 -17.015853296
10.424835851  8.759961869
-7.985656697 -15.032694910
-10.075254163 -14.217299090
 6.591024665 14.957453399
-3.416008206 -16.734514723
-15.906032388 -7.115375906
-0.986034018 -15.963402673
 9.125196666 -11.884677307
15.235647416 -9.286754022
13.252203853 11.850605754
15.076276292 -6.884084844
14.807183877 -8.644472546
 3.458755627 15.851439020
-10.715866638 10.516928222
 1.271301831 -16.488538974
-12.653767600 -2.449797040
10.255892676 12.937833311
-7.151844685 14.133726948
16.499029906 -2.585787884
-8.220140808 12.381593668
-0.791726402 -17.015292916
10.747860567 -11.449911988
-16.969381141  3.832735354
15.937355790 -3.138184348
13.057450519  2.740809828
-16.517181808 -5.834018959
11.896598790 11.496804510
 8.766510228 14.861219751
-1.030629580 17.197555284
 6.460489678 -12.268721150
-16.643942964  1.643931463
16.993741076  1.312477537
-7.270865279 16.136860140
13.941046509 -10.879979999
17.257755558 -1.974370822
 2.976351283 17.290782743
-3.070082017 -17.571761164
-2.673714746 -17.540209780
 8.697000320 -11.157083998
10.486978461 13.018042058
10.430580408 13.107177930
-14.366277906 -4.882630035
-17.281953746  0.812949916
13.472528369 -11.455214551
 4.801189341 -15.081430783
-0.189633869 -12.322096729
-15.699815775 -5.141524607
14.361760028  5.090811095
10.215115296 12.209031857
-4.097520889 -17.240866548
-2.491568569 -16.707277475
-15.706040122 -6.970967208
16.464789519  5.002400105
10.385261779 -14.207902614
-15.779984794 -6.173927191
-17.530511275  2.992176146
