428.66 777.14
414.94 754.61
414.16 767.77
418.28 768.01
416.6 771.78
421.8 765.87
509.45 837.45
489.12 838.9
492.09 880.49
523.08 852.6
476.9 812.91
481.1 832.86
488.58 831.28
493.18 825.18
393.65 819.28
378.04 846.41
388.4 852.37
400.1 849.91
538.35 838.86
553.62 825.11
524.49 823.7
539.77 809.72
562.39 817.22
560.08 805.66
557.06 790.59
554.05 775.51
541.76 789.11
542.86 777.75
561.82 765.05
553.6 773.29
555.49 774.55
552.34 771.4
567.81 778.63
565.9 781.49
569.42 783.83
570.99 779.91
560.7 778.02
566.42 775.49
708.99 586.43
524.96 637.77
613.65 673.25
625.66 643.23
651.47 662.7
616.97 612.1
740.2 700.78
726.34 719.16
732.86 724.08
741.03 723.78
688.9 690.93
734.14 678.58
971.27 647.96
973.72 715.32
1022.8 713.53
1036.2 666.21
1038.4 598.14
1054.1 602.53
1054.5 601.05
1054.6 599.52
1045.1 634.37
1025.4 607.81
1040.5 564.95
1057.5 566.4
1059.8 539.54
1034.5 549.01
1056 582.96
1039.4 581.94
1021.3 553.96
1008.1 558.91
1023.7 567.86
1012.2 569.86
990.85 560.35
1003.5 560.63
1001.7 556.08
1001.5 565.1
921.62 409.14
927.92 519.85
979.53 499.58
964.85 462.21
975.19 423.43
924.77 464.5
968.4 309.04
1003.2 318.32
1007 304.04
999.71 291.2
907.73 195.11
935.86 179.09
927.94 165.2
912.11 163.04
850.62 154.66
878.93 209.88
887.75 354.54
872.59 383.25
920.2 353.71
902.91 325.84
919.71 334.71
974.95 367.07
936.52 325.85
989.21 370.87
947.7 388.57
969.87 322.09
928.36 339.78
930.68 319.53
932.42 311.1
927.99 311.36
922.85 315.97
930.21 311.23
923.58 311.61
934.47 318.48
925.42 313.66
929.69 320.91
929.9 305.94
933.21 301.25
924.31 307.25
925.6 299.56
932.82 306.18
926.15 309.31
928.76 304.25
911.29 317.69
913.29 306.18
919.67 309.55
908.1 316.01
916.48 307.86
921.26 312.76
912.88 320.9
919.19 302.74
918.7 295.92
916 301.05
921.99 308.4
921.51 301.59
951.39 206.37
924.6 222.73
966.92 233.64
966.93 233.64
940.47 248.71
966.93 233.64
951.39 206.37
945.76 228.18
930.23 200.91
983.32 262.42
953.26 276.33
983.32 262.42
960.09 254.99
976.49 283.77
896.16 236.24
907.51 265.61
913.39 262.6
893.22 237.74
910.45 264.1
919 242.66
901.77 216.3
916.07 275.06
918.75 287.53
928.71 276.78
913.13 276.57
925.69 283.97
921.05 269.69
923.73 282.16
941.18 287.13
925.65 291.77
927.18 284.27
929.43 296.51
943.24 288.79
940.98 276.56
920.91 291.74
857.1 412.59
841.6 441.92
875.63 440.11
859.16 451.19
820.22 458.94
838.31 448.15
832.89 443.66
839.69 455.07
739.75 438.54
775.19 395.81
766.26 388.4
755.11 385.19
785.43 656.59
792.88 632.11
761.69 666.1
767.39 674.72
789.59 681.83
764.54 670.41
775.63 687.18
845.07 660.53
777.28 649.11
778.49 678.27
791.23 656.97
751.07 679.31
761.68 692.54
747.91 672.34
764.53 683.63
747.91 685.56
811.7 711.02
847.23 719.92
776.92 722.48
776.18 702.12
812.07 721.2
776.55 712.3
782.88 691.97
818.41 700.87
758.6 712.95
758.97 723.13
768.93 697.33
751.36 708.16
910.47 717.62
904.2 654.64
1019.8 600.19
1023.6 591.53
1012.2 594.43
1016.8 588.48
1027.3 579.71
1015 581.21
1031.5 586.74
1031.6 574.9
1019.4 574.53
1019.3 586.37
999.28 570.14
993.98 571.61
1001.7 575.07
995.76 578.04
973.07 559.26
980.32 565.43
981.02 554.03
974.55 549.86
963.96 561.99
977.78 551.94
970.82 570.01
980.67 559.73
969.25 555.93
972.14 563.71
980.45 525.06
997.12 544.35
981.37 550.54
988.32 521.96
989.24 547.44
977.96 550.2
977.04 524.72
982.09 552.37
989.74 551.42
999.42 550.21
890.09 472.68
874.57 504.76
854.52 470.5
848.08 497.26
899.67 484.63
900.2 452.3
865.07 455.3
864.54 487.63
842.16 467.53
831.89 475
793.12 469.47
809.32 475.53
800.97 454.06
793.57 452.18
778.35 478.45
797.27 453.12
795.66 496.35
805.15 464.8
785.96 465.32
793.83 476.99
795.05 446.32
799.71 450.18
795.2 439.8
808.07 440.1
795.81 412.91
816.43 430.01
801.56 451.72
811.45 445.35
824.66 436.83
940.71 581.23
920.49 603.64
970.88 580.56
911.71 572.88
906.13 591.1
945.68 592.1
967.42 571.27
937.83 567.43
916.1 588.26
895.07 567.79
884.32 554.1
888.49 583.89
860.79 572.58
887.55 621.22
855.52 602.04
872 592.97
879.86 628.34
912.34 629.14
904.49 593.77
860.83 533.11
832.28 519.81
837.3 554.05
818.62 539.3
879.44 529.43
853.42 512.28
834.79 536.93
860.81 554.07
811.77 591.19
796.75 548.7
817.02 551.37
794.81 590.41
824.2 617.07
846.41 578.04
820.3 511.41
820.55 496.78
807.39 518.31
763.31 519.93
728.44 492.9
792.87 498.38
753.39 485.68
762.59 520.8
802.07 533.5
820.79 483.06
983.02 577.62
993.56 584.35
982.22 582.45
993.77 577.98
987.15 568.52
975.6 572.99
1004.7 585.96
1002.9 589.39
1013.6 587.82
1008.4 578.14
997.65 579.71
654.45 397.12
665.32 359.34
650.26 355.01
636.35 362.22
710.21 372.27
689.81 414.29
598.08 380.41
606.57 382.6
604.55 378.71
602.81 379.61
601.73 377.99
602.32 381.51
600.65 376.38
599.58 374.77
598.74 376.08
598.87 375.24
598.71 373.54
599.3 374.34
599.5 373.87
598.79 374.39
593.42 315.97
619.39 326.99
623.9 316.34
619.65 305.59
539.48 182.72
566.77 171.92
560.63 156.41
544.17 153.75
495.61 145.87
511.75 192.35
608.75 278.03
597.84 250.47
581.76 290.29
568.89 261.93
539.47 272.15
548.99 284.28
549.04 299.69
558.51 296.4
562.14 292.33
544.26 285.92
553.77 298.05
561.46 295.38
560.32 294.37
550.8 282.24
559.08 298.05
560.78 298.43
555.5 300.53
559.15 305.79
550.53 303.98
552.02 308.27
572.63 297.86
566.38 307.94
563.58 303.18
571.95 291.31
574.07 299.11
557.67 320.81
553.6 312.83
551.16 317
558.41 313.3
484.31 373.55
537.42 398.59
512.08 383.76
511.42 384.89
511.87 383.66
510.87 386.07
510.13 332.26
528.28 338.92
530.76 332.16
528.21 325.43
520.08 361.29
499.87 348.66
449.8 201.95
477.6 191.45
471 173.99
452.41 172.35
411.25 168.72
420.91 208.9
455.05 363.73
454.95 373.23
460.71 356.08
455.16 354.22
458.24 354.25
488.79 341.72
491.09 328.85
476.22 345.33
470.44 325.15
470.74 270
437.51 277.98
502.71 257.92
443.77 304.02
450.03 330.06
470.55 304.17
506.69 294.99
515.46 291.67
480.82 316.51
509.65 327.14
486.63 281.04
461.88 352.15
460.62 348.24
457.89 351.19
465.76 350.79
457.54 348.13
463.77 348.35
459.26 349.71
459.3 353.63
463.24 353.44
463.19 349.51
470.43 346.99
464.64 345.32
454.27 337.39
453.82 345.84
458.5 344.71
460.17 343.45
451.93 337.95
456.16 345.28
459.61 344.45
459.33 344.08
455.1 336.76
458.62 345.2
459.05 345.44
456.6 346.18
454.19 347.34
454.55 348.85
461.85 345.71
459.84 346.84
462.4 344.39
462.63 346.78
455.18 351.49
440.6 575.23
431.52 617.89
478.78 554.15
449.68 532.57
469.15 536.71
603.85 565.08
634.27 526.91
558.07 548.16
581.47 484.85
681.11 432.19
661.53 435.78
685.77 451.54
665.33 456.47
624.34 372.1
609.35 376.22
612.33 381.98
616.83 385.71
622.85 369.22
610.84 379.1
613.79 384.79
614.58 383.84
626.59 373.97
611.14 382.59
610.76 383.87
609.31 380.35
606.95 377.47
611.39 392.73
604.91 386.65
615.3 400.71
598.53 402.25
607.83 385.26
616.07 393.21
610.1 393.68
597.61 375.2
596.66 376.27
597.9 373.8
596.01 374.4
597.7 376.18
598.76 375.24
598.34 374.09
597.28 375.04
566.46 328.28
572.25 334.62
565.47 319.75
565.15 319.8
557.87 328.35
565.31 319.78
558.37 346.85
568.86 327.19
561.51 324.07
565.06 331.48
564.49 313.74
565.92 313.85
561.78 316.55
562.39 310.62
520.05 370.16
535.78 369.27
528.01 356.56
535.31 360.83
553.06 370.18
563.07 384.3
568.48 362.35
542.54 356.44
577.55 376.23
549.42 376.79
565.78 373.32
555.51 359.4
539.16 362.86
546.78 327.25
539.99 336.09
542.4 337.5
545.57 326.54
541.19 336.8
550.13 332.93
554.52 322.67
535.2 347.03
534 346.32
542.47 346.97
535.27 356.5
577.66 349.47
586.73 362.43
592.56 344.17
592.25 354.13
577.61 362.39
589.64 353.3
582.4 339.39
570.37 348.48
590.85 365.16
592.79 369.71
595.52 363.54
597.03 367.9
601.35 363.86
601.27 369.7
605.49 359.74
601.43 358.02
603.38 364.72
603.46 358.88
598.47 360.78
598.39 366.62
610.41 342.5
612.44 343.37
596.99 351.09
605.97 335.58
593.79 372.06
594.04 374.6
596.32 372.45
597.36 372.83
598.46 372.72
598.34 372.31
598.4 372.52
598.18 373.26
597.33 372.38
597.11 373.12
599.93 371.15
599.82 373.11
598.6 372.6
600.54 371.41
599.21 372.86
598.47 372.46
599.81 371
598.56 372.69
599.06 373.06
599.66 373.49
594.29 377.09
593.79 379.54
571.21 408.86
550.77 424.74
595.12 418.75
587.95 389.13
556.92 404.52
572.95 421.74
591.54 403.94
575.51 386.71
596.4 387.7
596.43 387.89
603.62 384.08
598.06 380.52
590.87 384.34
626.67 433.74
645.4 463.21
620.26 440.98
653.47 449.5
638.42 418.25
605.21 409.73
678.43 501.81
639.84 495.06
681.35 509.9
707.11 472.22
665.59 457.38
476.61 407.08
515.31 417.91
454.23 440.46
454.59 406.85
489.07 440.84
513.09 401.99
482.91 379.65
484.77 429.18
482.42 518.15
471.34 516.92
487.17 528.23
489.26 509.35
473.53 497.13
503.59 520.49
491.52 543.95
507.83 543.79
506.84 538.35
507.34 541.07
493.31 548.97
497 533.29
482.97 541.19
533.8 536.24
520.09 512.94
532.95 545.98
513.47 525.64
539.08 530.55
505.8 501.49
513.97 485.1
491.93 489.52
502.52 485.14
517.03 499.02
502.95 487.31
490.6 499.43
504.67 511.14
513.92 469.71
520.53 455.82
499.19 474.18
468.07 468.84
453.62 496.91
453.92 468.69
476.71 457.32
472.78 493.22
495.56 481.85
530.38 435.15
453.43 514.94
425.27 647.28
419.01 676.68
436.97 674.96
428.26 678.64
411.74 687.83
418.28 680.14
414.95 678.94
420 683.24
334.5 665.19
339.38 651.65
291.74 634.45
323.22 674.13
327.51 679.55
331.81 684.97
334.43 679.58
334.42 682.91
330.86 688.52
332.16 685.41
331.61 685.28
332.64 685.71
228.36 705.63
238.25 663.4
219.68 659.05
203.92 669.8
181.02 685.41
185.58 712.76
192.86 736.02
189.55 736.57
189.81 738.14
191.18 738.93
187.56 724.66
195.41 733.83
414.24 777.09
411.88 782.41
416.57 782.42
414.22 783.45
421.87 836.47
447.21 839.99
443.64 823.02
423.83 810.95
423.66 844.95
445.43 831.51
440.15 806.45
433.73 816.99
411.96 830.43
462.37 827.94
456.83 809.39
464.16 836.42
450.23 816.2
468.97 821.12
458.69 798.78
468.51 794.34
449.88 792.59
460.73 777.14
422.43 789.21
420 787.08
421.58 792.33
425.58 789.96
416.61 790.97
424.8 793.21
420.14 801.95
413.37 794.96
427.33 795.39
417.47 793.65
418.6 802.96
425.58 803.17
424.46 793.86
437.98 788.96
441.84 777.14
438.61 793.99
445.86 784.86
433.71 783.55
426.46 792.68
416.02 786.42
412.22 785.05
412.35 788.08
410.22 786.65
418.28 784.75
414.4 783.73
412.28 786.57
416.17 787.58
408.64 788.72
408.18 788.81
409.06 788.94
408.59 786.69
407.76 786.71
408.44 790.15
408.53 784.38
407.34 784.61
409.72 784.14
397.84 788.7
387.51 788.58
407.83 791.37
397.42 786.6
408 790.09
397.67 789.97
411.54 791.72
410.6 793.16
410.7 788.51
412.86 791.52
411.25 783.83
386.21 788.84
384.9 789.1
384.93 789.21
384.91 789.16
384.83 789.08
384.89 789.1
384.89 789.09
384.87 789.12
403.27 767.13
401.86 756.31
392.38 766.49
392.91 757.48
438.26 760.04
426.07 747.53
455.7 758.93
448.59 733.2
423.93 756.7
431.82 771.5
448.77 768.03
440.88 753.23
479.78 789.25
489.5 796.9
479.61 776.88
505.54 776.52
519.01 817.7
519.06 809.58
510.91 817.12
511.45 809.53
525.05 793.4
531.46 777.37
510.11 802.04
530.41 799.34
536.61 783.24
520.78 789.71
514.59 805.81
497.1 810.29
499.81 799.47
491.34 811.04
502.04 821.15
510.51 809.58
571.7 774.6
574.85 770.26
572.41 769.29
572.92 775.08
573.63 769.78
569.42 772.39
568.71 777.7
578.65 757.22
584.89 745.15
565.4 754.22
579.87 757.7
570.32 739.32
568.91 761.75
575.15 749.68
599.27 709.2
563.92 724.99
553.33 740.18
536.43 732.61
552.36 758.67
538.45 749.27
550.18 728.8
544.4 745.64
558.88 756.44
564.66 739.6
477.82 722.39
465.27 712.36
474.82 738.18
492.95 727.78
488.34 740.74
475.26 757.77
494.3 753.15
465.26 748.56
467.66 767.9
486.96 765.01
484.56 745.66
513.67 739.39
525.51 759.98
509.91 756.56
530.97 746.29
514.69 730.19
493.63 740.46
539.22 765.01
528.49 768.68
541.9 774.39
552.35 765.03
538.94 759.32
422.85 688.36
419.52 693.19
428.7 688.09
429.26 699.89
397.9 673.66
381.42 666.83
380.86 668.38
402.77 690.82
398.18 672.88
381.14 667.61
368.64 702.22
391.82 679.6
408.86 684.88
360.12 660.02
344.25 675.77
360.4 659.24
362.56 672.08
341.82 663.71
340.09 679.61
337.31 684.54
322.94 683.25
314.26 681.22
328.16 690.47
308.8 704.5
198.96 741.08
204.72 746.72
206.73 743.22
197.95 742.82
205.73 744.97
201.07 738.53
193.3 736.38
237.92 763.49
269.11 783.75
260.93 734.26
236.92 765.24
285.27 755.66
233.83 738.74
265.02 759.01
384.9 789.22
384.88 789.23
384.88 789.17
384.86 789.18
384.86 789.13
384.85 789.13
384.16 789.38
384.8 789.03
383.48 789.67
381.47 783.82
384.83 789.08
384.18 789.45
384.14 789.35
386.81 776.61
387.79 770.2
380.41 777.72
385.6 784.45
378.87 768.83
384.91 788.96
374.29 794.04
375.28 783.91
372.99 783.94
367.69 801.78
374.14 783.93
341.9 784.4
379.38 786.79
370.34 792.86
375.58 795.73
374.04 777.66
370.56 772.33
377.85 780.81
371.78 778.14
375.49 775.02
382.38 758.81
385.89 763.15
384.71 753.73
376.92 760.02
374.5 749.06
401.06 750.19
405.25 745.66
395.07 748.72
397.56 738.56
416.63 697.4
411.52 697.28
417.71 702.39
411.37 703.76
404.49 710.63
411.6 710.24
404.89 703.53
404.6 703.52
401.42 717.06
404.75 703.52
412 721.85
408.24 706.88
403.01 710.29
406.51 713.65
404.98 696.98
408.21 700.4
403.68 697.17
407.14 694.05
423.41 713.13
423.1 725.29
435.19 710.11
417.35 717.76
429.14 717.7
426.45 706.25
414.65 706.31
397.84 724.96
391.05 730.37
404.41 730.64
416.48 737.49
404.83 738.15
415.66 746.59
424.58 736.41
413.75 727.96
385.08 741.29
373.11 737.92
382.08 734.14
378.91 745.82
389.89 751.22
393.06 739.54
320.79 722.44
342.61 727.04
332.69 703.59
298.81 726.22
315.55 744.12
330.8 738.3
337.65 715.32
315.75 714.9
307.18 735.17
329.08 735.58
320.66 757.53
314.17 770.33
334.62 754.17
363.64 760.95
351.77 754.91
363.36 747.64
354.58 746.52
361.17 763.62
373.74 766.17
370.14 753.83
357.57 751.28
365.2 739.74
357.76 736.51
357.26 738.09
357.51 737.3
365.43 737.21
360.31 742.86
368.24 742.78
348.52 734.44
346.22 743.63
350.18 731.78
351.74 740.86
344.41 735.34
343.3 752.08
297.75 797.56
324.08 815.38
326.39 811.36
296.6 799.56
325.24 813.37
320.28 790.84
291.64 777.04
352.22 828.89
351.06 830.89
347.04 806.57
372.86 824.1
271.7 691.76
276.26 672.31
306.53 703.72
249.59 698.83
279.87 730.24
335.43 686.96
333.98 689.65
334.82 689.96
334.4 689.81
333.31 687.68
336.07 687.25
334.97 685.13
331.98 696.49
331.07 690.06
333.76 696.77
330.43 697.03
450.7 705.01
444.83 689.78
439.17 693.46
442 691.62
455.05 701.07
437.18 701.78
450.23 711.23
437.25 684.31
440.9 682.37
433.94 690.77
432.84 681.52
388.4 766.26
